1609575522 0 0 0 0 0 0 0 0 0 0 0 1 0 0 0 0 0 0 0 0
1609575884 0 1 0 0 0 0 0 0 0 0 0 1 0 0 0 0 0 0 0 0
1609663071 0 1 0 0 0 0 0 0 0 0 0 1 0 0 0 0 1 0 0 0
1609679394 0 1 1 0 0 0 0 0 0 0 0 1 0 1 0 0 1 0 0 0
1609745814 0 1 2 0 0 0 0 0 0 0 0 1 0 1 0 0 1 0 0 0
1609751497 0 1 2 0 0 0 0 0 1 0 0 1 0 1 0 0 1 0 0 0
1609777394 0 1 2 0 0 0 0 0 1 1 0 1 0 1 0 0 1 0 0 0
1609778062 0 1 2 0 0 0 0 0 1 2 0 1 0 1 0 0 1 0 0 0
1609783257 1 1 2 0 0 0 0 0 1 2 0 1 0 1 0 0 1 0 0 0
1609844688 2 1 2 0 0 0 0 0 1 2 0 1 0 1 0 0 1 0 0 0
1609856622 2 1 2 0 1 0 0 0 1 2 0 1 0 1 0 0 1 0 0 0
1609864285 3 1 2 0 1 0 0 0 1 2 0 1 0 1 0 0 1 0 0 0
1609867112 3 1 2 0 1 0 0 0 1 2 0 1 0 1 0 0 2 0 0 0
1609891107 3 1 2 0 2 0 0 0 1 2 0 1 0 1 0 0 2 0 0 0
1609925510 3 1 2 0 2 0 0 0 1 2 0 1 0 1 0 1 2 0 0 0
1609925559 3 1 2 0 2 0 0 0 1 2 0 1 0 1 0 2 2 0 0 0
1609933626 3 1 2 0 2 0 0 0 2 2 0 1 0 1 0 2 2 0 0 0
1609943041 3 1 2 0 2 0 0 0 2 2 1 1 0 1 0 2 2 0 0 0
1609953043 3 1 2 0 2 0 0 0 3 2 1 1 0 1 0 2 2 0 0 0
1609953048 3 1 2 0 2 0 0 0 4 2 1 1 0 1 0 2 2 0 0 0
1609971707 4 1 2 0 2 0 0 0 4 2 1 1 0 1 0 2 2 0 0 0
1609972242 5 1 2 0 2 0 0 0 4 2 1 1 0 1 0 2 2 0 0 0
1609974797 6 1 2 0 2 0 0 0 4 2 1 1 0 1 0 2 2 0 0 0
1610005409 7 1 2 0 2 0 0 0 4 2 1 1 0 1 0 2 2 0 0 0
1610048667 7 1 2 0 2 0 0 0 4 2 1 1 0 1 1 2 2 0 0 0
1610056861 8 1 2 0 2 0 0 0 4 2 1 1 0 1 1 2 2 0 0 0
1610057541 9 1 2 0 2 0 0 0 4 2 1 1 0 1 1 2 2 0 0 0
1610063972 9 1 2 0 2 0 0 0 4 2 1 1 0 1 2 2 2 0 0 0
1610093566 9 2 2 0 2 0 0 0 4 2 1 1 0 1 2 2 2 0 0 0
1610093731 9 3 2 0 2 0 0 0 4 2 1 1 0 1 2 2 2 0 0 0
1610094226 9 4 2 0 2 0 0 0 4 2 1 1 0 1 2 2 2 1 0 0
1610106847 9 5 2 0 2 0 0 0 4 2 1 1 0 1 2 2 2 1 0 0
1610113631 9 6 2 0 2 0 0 0 4 2 1 1 0 1 2 2 2 1 0 0
1610117574 9 7 2 0 2 0 0 0 4 2 1 1 0 1 2 2 2 1 0 0
1610123285 9 8 2 0 2 0 0 0 4 2 1 1 0 1 2 2 2 1 0 0
1610123307 9 9 2 0 2 0 0 0 4 2 1 1 0 1 2 2 2 1 0 0
1610124066 9 9 2 0 2 0 0 0 4 2 1 1 0 1 3 2 2 1 0 0
1610129414 10 9 2 0 2 0 0 0 4 2 1 1 0 1 3 2 2 1 0 0
1610130062 11 9 2 0 2 0 0 0 4 2 1 1 0 1 3 2 2 1 0 0
1610130251 11 10 2 0 2 0 0 0 4 2 1 1 0 1 3 2 2 1 0 0
1610137237 11 10 2 0 2 0 0 0 4 2 1 1 0 1 3 3 2 1 0 0
1610137359 12 10 2 0 2 0 0 0 4 2 1 1 0 1 3 3 2 1 0 0
1610143533 12 11 2 0 2 0 0 0 4 2 1 1 0 1 3 3 2 1 0 0
1610144911 12 12 2 0 2 0 0 0 4 2 1 1 0 1 3 3 2 1 0 0
1610152499 12 13 2 0 2 0 0 0 4 2 1 1 0 1 3 3 2 1 0 0
1610152683 12 14 2 0 2 0 0 0 4 2 1 1 0 1 3 3 2 1 0 0
1610153277 12 15 2 0 2 0 0 0 4 2 1 1 0 1 3 3 2 1 0 0
1610153286 12 16 2 0 2 0 0 0 4 2 1 1 0 1 3 3 2 1 0 0
1610170157 13 16 2 0 2 0 0 0 4 2 1 1 0 1 3 3 2 1 0 0
1610172717 14 16 2 0 2 0 0 0 4 2 1 1 0 1 3 3 2 1 0 0
1610176946 14 17 2 0 2 0 0 0 4 2 1 1 0 1 3 3 2 1 0 0
1610178353 14 18 2 0 2 0 0 0 4 2 1 1 0 1 3 3 2 1 0 0
1610181228 14 19 2 0 2 0 0 0 4 2 1 1 0 1 3 3 2 1 0 0
1610186615 14 20 2 0 2 0 0 0 4 2 1 1 0 1 3 3 2 1 0 0
1610188403 14 21 2 0 2 0 0 0 4 2 1 1 0 1 3 3 2 1 0 0
1610195293 14 21 2 0 2 0 0 0 4 2 1 1 0 1 4 3 2 1 0 0
1610207452 14 22 2 0 2 0 0 0 4 2 1 1 0 1 4 3 2 1 0 0
1610207459 14 23 2 0 2 0 0 0 4 2 1 1 0 1 4 3 2 1 0 0
1610212905 15 23 2 0 2 0 0 0 4 2 1 1 0 1 4 3 2 1 0 0
1610214029 16 23 2 0 2 0 0 0 4 2 1 1 0 1 4 3 2 1 0 0
1610218969 17 23 2 0 2 0 0 0 4 2 1 1 0 1 4 3 2 1 0 0
1610219188 18 23 2 0 2 0 0 0 4 2 1 1 0 1 4 3 2 1 0 0
1610223300 19 23 2 0 2 0 0 0 4 2 1 1 0 1 4 3 2 1 0 0
1610223600 20 23 2 0 2 0 0 0 4 2 1 1 0 1 4 3 2 1 0 0
1610225285 21 23 2 0 2 0 0 0 4 2 1 1 0 1 4 3 2 1 0 0
1610225318 22 23 2 0 2 0 0 0 4 2 1 1 0 1 4 3 2 1 0 0
1610226713 23 23 2 0 2 0 0 0 4 2 1 1 0 1 4 3 2 1 0 0
1610227377 24 23 2 0 2 0 0 0 4 2 1 1 0 1 4 3 2 1 0 0
1610228979 25 23 2 0 2 0 0 0 4 2 1 1 0 1 4 3 2 1 0 0
1610233476 25 23 2 0 3 0 0 0 4 2 1 1 0 1 4 3 2 1 0 0
1610272362 25 24 2 0 3 0 0 0 4 2 1 1 0 1 4 3 2 1 0 0
1610280125 25 25 2 0 3 0 0 0 4 2 1 1 0 1 4 3 2 1 0 0
1610281182 26 25 2 0 3 0 0 0 4 2 1 1 0 1 4 3 2 1 0 0
1610283592 27 25 2 0 3 0 0 0 4 2 1 1 0 1 4 3 2 1 0 0
1610283944 28 25 2 0 3 0 0 0 4 2 1 1 0 1 4 3 2 1 0 0
1610285855 29 25 2 0 3 0 0 0 4 2 1 1 0 1 4 3 2 1 0 0
1610285870 30 25 2 0 3 0 0 0 4 2 1 1 0 1 4 3 2 1 0 0
1610286543 31 25 2 1 3 0 0 0 4 2 1 1 0 1 4 3 2 1 0 0
1610287471 31 25 2 1 3 0 0 0 4 2 2 1 0 1 4 3 2 1 0 0
1610287487 31 25 2 1 3 0 0 0 4 2 3 1 0 1 4 3 2 1 0 0
1610288431 31 26 2 1 3 0 0 0 4 2 3 1 0 1 4 3 2 1 0 0
1610290031 32 26 2 1 3 0 0 0 4 2 3 1 0 1 4 3 2 1 0 0
1610290051 33 26 2 1 3 0 0 0 4 2 3 1 0 1 4 3 2 1 0 0
1610290058 34 26 2 1 3 0 0 0 4 2 3 1 0 1 4 3 2 1 0 0
1610290126 35 26 2 1 3 0 0 0 4 2 3 1 0 1 4 3 2 1 0 0
1610290434 35 27 2 1 3 0 0 0 4 2 3 1 0 1 4 3 2 1 0 0
1610291852 36 27 2 1 3 0 0 0 4 2 3 1 0 1 4 3 2 1 0 0
1610295762 37 27 2 1 3 0 0 0 4 2 3 1 0 1 4 3 2 1 0 0
1610296027 38 27 2 1 3 0 0 0 4 2 3 1 0 1 4 3 2 1 0 0
1610296684 39 27 2 1 3 0 0 0 4 2 3 1 0 1 4 3 2 1 0 0
1610298917 39 28 2 1 3 0 0 0 4 2 3 1 0 1 4 3 2 1 0 0
1610299013 39 29 2 1 3 0 0 0 4 2 3 1 0 1 4 3 2 1 0 0
1610299214 40 29 2 1 3 0 0 0 4 2 3 1 0 1 4 3 2 1 0 0
1610299608 40 30 2 1 3 0 0 0 4 2 3 1 0 1 4 3 2 1 0 0
1610299621 40 31 2 1 3 0 0 0 4 2 3 1 0 1 4 3 2 1 0 0
1610299783 41 31 2 1 3 0 0 0 4 2 3 1 0 1 4 3 2 1 0 0
1610300258 42 31 2 1 3 0 0 0 4 2 3 1 0 1 4 3 2 1 0 0
1610301414 42 32 2 1 3 0 0 0 4 2 3 1 0 1 4 3 2 1 0 0
1610303761 42 33 2 1 3 0 0 0 4 2 3 1 0 1 4 3 2 1 0 0
1610305058 42 33 2 1 3 0 0 0 4 2 3 1 0 1 5 3 2 1 0 0
1610306288 42 34 2 1 3 0 0 0 4 2 3 1 0 1 5 3 2 1 0 0
1610306359 42 35 2 1 3 0 0 0 4 2 3 1 0 1 5 3 2 1 0 0
1610307959 43 35 2 1 3 0 0 0 4 2 3 1 0 1 5 3 2 1 0 0
1610307963 44 35 2 1 3 0 0 0 4 2 3 1 0 1 5 3 2 1 0 0
1610323030 44 36 2 1 4 0 0 0 4 2 3 1 0 1 5 3 2 1 0 0
1610348897 44 37 2 1 4 0 0 0 4 2 3 1 0 1 5 3 2 1 0 0
1610349018 44 38 2 1 4 0 0 0 4 2 3 1 0 1 5 3 2 1 0 0
1610349119 44 38 3 1 4 0 0 0 4 2 3 1 0 1 5 3 2 1 0 0
1610350841 44 39 3 1 4 0 0 0 4 2 3 1 0 1 5 3 2 1 0 0
1610350847 44 40 3 1 4 0 0 0 4 2 3 1 0 1 5 3 2 1 0 0
1610351409 44 41 3 1 4 0 0 0 4 2 3 1 0 1 5 3 2 1 0 0
1610360581 44 41 3 1 6 0 0 0 4 2 3 1 0 1 5 3 2 1 0 0
1610393834 44 41 3 1 6 0 0 0 4 2 4 1 0 1 5 3 2 1 0 0
1610430415 44 42 3 1 6 0 0 0 4 2 4 1 0 1 5 3 2 1 0 0
1610431831 44 43 3 1 6 0 0 0 4 2 4 1 0 1 5 3 2 1 0 0
1610433917 44 44 3 1 6 0 0 0 4 2 4 1 0 1 5 3 2 1 0 0
1610435217 44 45 3 1 6 0 0 0 4 2 4 1 0 1 5 3 2 1 0 0
1610435752 44 46 3 1 6 0 0 0 4 2 4 1 0 1 5 3 2 1 0 0
1610442643 44 47 3 1 6 0 0 0 4 2 4 1 0 1 5 3 2 1 0 0
1610444763 44 48 3 1 6 0 0 0 4 2 4 1 0 1 5 3 2 1 0 0
1610448099 44 49 3 1 6 0 0 0 4 2 4 1 0 1 5 3 2 1 0 0
1610452456 44 50 3 1 6 0 0 0 4 2 4 1 0 1 5 3 2 1 0 0
1610453451 45 50 3 1 6 0 0 0 4 2 4 1 0 1 5 3 2 1 0 0
1610453706 46 50 3 1 6 0 0 0 4 2 4 1 0 1 5 3 2 1 0 0
1610473857 46 50 3 1 6 0 0 0 4 2 5 1 0 1 5 3 2 1 0 0
1610482580 46 51 3 1 6 0 0 0 4 2 5 1 0 1 5 3 2 1 0 0
1610482737 46 51 3 1 6 0 0 0 4 2 5 1 0 1 6 3 2 1 0 0
1610482913 46 52 3 1 6 0 0 0 4 2 5 1 0 1 6 3 2 1 0 0
1610489570 46 53 3 1 6 0 0 0 4 2 5 1 0 1 6 3 2 1 0 0
1610540506 46 54 3 1 6 0 0 0 4 2 5 1 0 1 6 3 2 1 0 0
1610558975 46 55 3 1 6 0 0 0 4 2 5 1 0 1 6 3 2 1 0 0
1610563676 46 56 3 1 6 0 0 0 4 2 5 1 0 1 6 3 2 1 0 0
1610563942 46 57 3 1 6 0 0 0 4 2 5 1 0 1 6 3 2 1 0 0
1610565707 46 58 3 1 6 0 0 0 4 2 5 1 0 1 6 3 2 1 0 0
1610613298 46 59 3 1 6 0 0 0 4 2 5 1 0 1 6 3 2 1 0 0
1610613394 46 60 3 1 6 0 0 0 4 2 5 1 0 1 6 3 2 1 0 0
1610614761 46 61 3 1 6 0 0 0 4 2 5 1 0 1 6 3 2 1 0 0
1610622968 46 62 3 1 6 0 0 0 4 2 5 1 0 1 6 3 2 1 0 0
1610700625 46 63 3 1 6 0 0 0 4 2 5 1 0 1 6 3 2 1 0 0
1610713816 47 63 3 1 6 0 0 0 4 2 5 1 0 1 6 3 2 1 0 0
1610727423 47 64 3 1 6 0 0 0 4 2 5 1 0 1 6 3 2 1 0 0
1610727427 47 65 3 1 6 0 0 0 4 2 5 1 0 1 6 3 2 1 0 0
1610779681 47 66 3 1 6 0 0 0 4 2 5 1 0 1 6 3 2 1 0 0
1610782013 47 67 3 1 6 0 0 0 4 2 5 1 0 1 6 3 2 1 0 0
1610783546 47 68 3 1 6 0 0 0 4 2 5 1 0 1 6 3 2 1 0 0
1610797125 48 68 3 1 6 0 0 0 4 2 5 1 0 1 6 3 2 1 0 0
1610797844 49 68 3 1 6 0 0 0 4 2 5 1 0 1 6 3 2 1 0 0
1610801008 50 68 3 1 6 0 0 0 4 2 5 1 0 1 6 3 2 1 0 0
1610801372 51 68 3 1 6 0 0 0 4 2 5 1 0 1 6 3 2 1 0 0
1610815701 51 69 3 1 6 0 0 0 4 2 5 1 0 1 6 3 2 1 0 0
1610815717 51 70 3 1 6 0 0 0 4 2 5 1 0 1 6 3 2 1 0 0
1610817949 51 70 4 1 6 0 0 0 4 2 5 1 0 1 6 3 2 1 0 0
1610818100 51 70 4 1 7 0 0 0 4 2 5 1 0 1 6 3 2 1 0 0
1610824238 51 70 4 1 8 0 0 0 4 2 5 1 0 1 6 3 2 1 0 0
1610870070 51 70 5 1 8 0 0 0 4 2 5 1 0 1 6 3 2 1 0 0
1610871182 51 70 6 1 8 0 0 0 4 2 5 1 0 1 6 3 2 2 0 0
1610871382 51 70 7 1 8 0 0 0 4 2 5 1 0 1 6 3 2 2 0 1
1610872554 51 71 7 1 8 0 0 0 4 2 5 1 0 1 6 3 2 2 0 1
1610875615 52 71 7 1 8 0 0 0 4 2 5 1 0 1 6 3 2 2 0 1
1610876990 52 71 7 1 8 0 0 0 4 2 6 1 0 1 6 3 2 2 0 1
1610877894 52 71 7 1 8 0 0 0 4 2 7 1 0 1 6 3 2 2 0 1
1610878046 53 71 7 1 8 0 0 0 4 2 7 1 0 1 6 3 2 2 0 1
1610878057 54 71 7 1 8 0 0 0 4 2 7 1 0 1 6 3 2 2 0 1
1610880454 55 71 7 1 8 0 0 0 4 2 7 1 0 1 6 3 2 2 0 1
1610882952 56 71 7 1 8 0 0 0 4 2 7 1 0 1 6 3 2 2 0 1
1610886150 57 71 7 1 8 0 0 0 4 2 7 1 0 1 6 3 2 2 0 1
1610892036 57 71 7 1 8 1 0 0 4 2 7 1 0 1 6 3 2 2 0 1
1610892446 57 71 7 1 8 2 0 0 4 2 7 1 0 1 6 3 2 2 0 1
1610896963 57 71 7 1 8 3 0 0 4 2 7 1 0 1 6 3 2 2 0 1
1610900278 57 71 7 1 8 4 0 0 4 2 7 1 0 1 6 3 2 2 0 1
1610900709 57 71 7 1 8 5 0 0 4 2 7 1 0 1 6 3 2 2 0 1
1610900908 57 71 7 1 8 6 0 0 4 2 7 1 0 1 6 3 2 2 0 1
1610905400 57 71 7 1 8 7 0 0 4 2 7 1 0 1 6 3 2 2 0 1
1610909237 57 71 7 1 8 7 0 0 4 2 7 1 0 1 6 3 2 2 0 1
1610912255 58 71 7 1 8 7 0 0 4 2 7 1 0 1 6 3 2 2 0 1
1610965786 58 71 7 2 8 7 0 0 4 2 7 1 0 1 6 3 2 3 0 1
1611076714 59 71 7 2 8 7 0 0 4 2 7 1 0 1 6 3 2 3 0 1
1611076919 60 71 7 2 8 7 0 0 4 2 7 1 0 1 6 3 2 3 0 1
1611078547 61 71 7 2 8 7 0 0 4 2 7 1 0 1 6 3 2 3 0 1
1611083590 62 71 7 2 8 7 0 0 4 2 7 1 0 1 6 3 2 3 0 1
1611152880 62 71 7 2 8 7 0 0 4 2 7 1 0 1 6 4 2 3 0 1
1611153877 62 71 7 2 8 7 1 0 4 2 7 1 0 1 6 4 2 3 0 1
1611154398 62 71 8 2 8 7 1 0 4 2 7 1 0 1 6 4 2 3 0 1
1611155203 62 71 9 2 8 7 1 0 4 2 7 1 0 1 6 4 2 3 0 1
1611298797 63 71 9 2 8 7 1 0 4 2 7 1 0 1 6 4 2 3 0 1
1611344622 63 71 9 2 9 7 1 0 4 2 7 1 0 1 6 4 2 3 0 1
1611396159 64 71 9 2 9 7 1 0 4 2 7 1 0 1 6 4 2 3 0 1
1611420083 65 71 9 2 9 7 1 0 4 2 7 1 0 1 6 4 2 3 0 1
1611426341 66 71 9 2 9 7 1 0 4 2 7 1 0 1 6 4 2 3 0 1
1611427239 67 71 9 2 9 7 1 0 4 2 7 1 0 1 6 4 2 3 0 1
1611442203 67 71 9 2 9 8 1 0 4 2 7 1 0 1 6 4 2 3 0 1
1611448569 67 71 9 2 9 9 1 0 4 2 7 1 0 1 6 4 2 3 0 1
1611448607 67 71 9 2 9 10 1 0 4 2 7 1 0 1 6 4 2 3 0 1
1611450895 67 71 9 2 9 11 1 0 4 2 7 1 0 1 6 4 2 3 0 1
1611474718 67 71 10 2 9 11 1 0 4 2 7 1 0 1 6 4 2 3 0 1
1611474774 67 71 12 2 9 11 1 0 4 2 7 1 0 1 6 4 2 3 0 1
1611474802 67 71 13 2 9 11 1 0 4 2 7 1 0 1 6 4 2 3 0 1
1611474892 67 71 14 2 9 11 1 0 4 2 7 1 0 1 6 4 2 3 0 1
1611480162 67 72 14 2 9 11 1 0 4 2 7 1 0 1 6 4 2 3 0 1
1611480205 67 73 14 2 9 11 1 0 4 2 7 1 0 1 6 4 2 3 0 1
1611487441 67 74 14 2 9 11 1 0 4 2 7 1 0 1 6 4 2 3 0 1
1611487843 67 75 14 2 9 11 1 0 4 2 7 1 0 1 6 4 2 3 0 1
1611488814 67 76 14 2 9 11 1 0 4 2 7 1 0 1 6 4 2 3 0 1
1611493757 67 76 14 2 9 12 1 0 4 2 7 1 0 1 6 4 2 3 0 1
1611493805 67 76 14 2 9 13 1 0 4 2 7 1 0 1 6 4 2 3 0 1
1611497727 67 77 14 2 9 13 1 0 4 2 7 1 0 1 6 4 2 3 0 1
1611497777 67 78 14 2 9 13 1 0 4 2 7 1 0 1 6 4 2 3 0 1
1611503488 67 78 14 2 10 13 1 0 4 2 7 1 0 1 6 4 2 3 0 1
1611511299 67 79 14 2 10 13 1 0 4 2 7 1 0 1 6 4 2 3 0 1
1611512402 67 79 14 2 10 14 1 0 4 2 7 1 0 1 6 4 2 3 0 1
1611525177 67 79 14 2 10 14 1 0 4 2 7 1 0 1 6 4 2 4 0 1
1611690381 67 79 14 2 11 14 1 0 4 2 7 1 0 1 6 4 2 4 0 1
1611749215 67 79 14 3 11 14 1 0 4 2 7 1 0 1 6 4 2 4 0 1
1611777919 67 79 14 3 11 14 1 0 4 3 7 1 0 1 6 4 2 4 0 1
1611938163 67 79 15 3 11 14 1 0 4 3 7 1 0 1 6 4 2 4 0 1
1611939521 67 79 15 3 11 14 1 0 4 3 7 1 1 1 6 4 2 4 0 1
1611942775 67 79 15 3 11 14 1 0 4 3 7 1 2 1 6 4 2 4 0 1
1611944752 67 80 15 3 11 14 1 0 4 3 7 1 2 1 6 4 2 4 0 1
1612027103 67 80 16 3 11 14 1 0 4 3 7 1 2 1 6 4 2 4 0 1
1612027139 67 80 16 3 11 14 1 0 4 3 7 1 3 1 6 4 2 4 0 1
1612028743 67 80 16 3 11 14 1 0 4 3 7 1 4 1 6 4 2 4 0 1
1612029898 67 81 16 3 11 14 1 0 4 3 7 1 4 1 6 4 2 4 0 1
1612037956 67 81 16 3 11 14 1 0 4 3 7 1 5 1 6 4 2 4 0 1
1612045771 67 81 17 3 11 14 1 0 4 3 7 1 6 1 6 4 2 4 0 1
1612087517 67 81 18 3 11 14 1 0 4 3 7 1 6 1 6 4 2 4 0 1
1612087531 67 81 19 3 11 14 1 0 4 3 7 1 6 1 6 4 2 4 0 1
1612101497 68 81 19 3 11 14 1 0 4 3 7 1 6 1 6 4 2 4 0 1
1612101842 69 81 19 3 11 14 1 0 4 3 7 1 6 1 6 4 2 4 0 1
1612104513 70 81 19 3 11 14 1 0 4 3 7 1 6 1 6 4 2 4 0 1
1612104576 70 81 19 3 11 14 1 0 5 3 7 1 6 1 6 4 2 4 0 1
1612104607 70 81 19 3 11 14 1 0 6 3 7 1 6 1 6 4 2 4 0 1
1612109682 70 81 19 3 11 14 1 0 7 3 7 1 6 1 6 4 2 4 0 1
1612114402 70 81 23 3 11 14 1 0 8 3 7 1 6 1 6 4 2 4 0 1
1612115643 70 81 24 3 11 14 1 0 8 3 7 1 6 1 6 4 2 4 0 1
1612132304 70 82 24 3 11 14 1 0 8 3 7 1 6 1 6 4 2 4 0 1
1612161246 70 83 24 3 11 14 1 0 8 3 7 1 6 1 6 4 2 4 0 1
1612168817 71 83 24 3 11 14 1 0 8 3 7 1 6 1 6 4 2 4 0 1
1612168966 72 83 24 3 11 14 1 0 8 3 7 1 6 1 6 4 2 4 0 1
1612173307 72 83 25 3 11 14 1 0 8 3 7 1 6 1 6 4 2 4 0 1
1612174602 72 83 26 3 11 14 1 0 8 3 7 1 6 1 6 4 2 4 0 1
1612175054 72 83 26 3 11 14 1 0 8 3 7 1 6 2 6 4 2 4 0 1
1612175297 72 83 26 3 11 14 1 0 8 3 7 1 6 2 6 4 2 4 0 2
1612293047 72 84 26 3 11 14 1 0 8 3 7 1 6 2 6 4 2 4 0 2
1612293336 72 85 26 3 11 14 1 0 8 3 7 1 6 2 6 4 2 4 0 2
1612330589 72 85 27 3 11 14 1 0 8 3 7 1 6 2 6 4 2 4 0 2
1612344902 72 85 28 3 11 14 1 0 8 3 7 1 6 2 6 4 2 4 0 2
1612346000 73 85 28 3 11 14 1 0 8 3 7 1 6 2 6 4 2 4 0 2
1612346017 74 85 28 3 11 14 1 0 8 3 7 1 6 2 6 4 2 4 0 2
1612349351 75 85 28 3 11 14 1 0 8 3 7 1 6 2 6 4 2 4 0 2
1612349681 76 85 28 3 11 14 1 0 8 3 7 1 6 2 6 4 2 4 0 2
1612349751 77 85 28 3 11 14 1 0 8 3 7 1 6 2 6 4 2 4 0 2
1612350069 78 85 28 3 11 14 1 0 8 3 7 1 6 2 6 4 2 4 0 2
1612360497 79 85 28 3 11 14 1 0 8 3 7 1 6 2 6 4 2 4 0 2
1612373392 80 85 28 3 11 14 1 0 8 3 7 1 6 2 6 4 2 4 0 2
1612373875 81 85 28 3 11 14 1 0 8 3 7 1 6 2 6 4 2 4 0 2
1612373942 82 85 28 3 11 14 1 0 8 3 7 1 6 2 6 4 2 4 0 2
1612377432 83 85 28 3 11 14 1 0 8 3 7 1 6 2 6 4 2 4 0 2
1612470278 83 85 28 3 11 14 1 0 8 3 7 1 6 2 6 4 3 4 0 2
1612560121 83 86 28 3 11 14 1 0 8 3 7 1 6 2 6 4 3 4 0 2
1612605778 84 86 28 3 11 14 1 0 8 3 7 1 6 2 6 4 3 4 0 2
1612606272 85 86 28 3 11 14 1 0 8 3 7 1 6 2 6 4 3 4 0 2
1612608013 86 86 28 3 11 14 1 0 8 3 7 1 6 2 6 4 3 4 0 2
1612608375 87 86 28 3 11 14 1 0 8 3 7 1 6 2 6 4 3 4 0 2
1612647285 87 86 28 3 11 15 1 0 8 3 7 1 6 2 6 4 3 4 0 2
1612647479 87 86 28 3 11 16 1 0 8 3 7 1 6 2 6 4 3 4 0 2
1612648939 87 87 28 3 11 16 1 0 8 3 7 1 6 2 6 4 3 4 0 2
1612649192 87 88 28 3 11 16 1 0 8 3 7 1 6 2 6 4 3 4 0 2
1612649425 87 88 28 3 11 17 1 0 8 3 7 1 6 2 6 4 3 4 0 2
1612649586 87 88 28 3 11 18 1 0 8 3 7 1 6 2 6 4 3 4 0 2
1612681089 87 89 28 3 11 18 1 0 8 3 7 1 6 2 6 4 3 4 0 2
1612681290 87 90 28 3 11 18 1 0 8 3 7 1 6 2 6 4 3 4 0 2
1612682798 87 91 28 3 11 18 1 0 8 3 7 1 6 2 6 4 3 4 0 2
1612682868 87 92 28 3 11 18 1 0 8 3 7 1 6 2 6 4 3 4 0 2
1612683026 87 93 28 3 11 18 1 0 8 3 7 1 6 2 6 4 3 4 0 2
1612683607 87 94 28 3 11 18 1 0 8 3 7 1 6 2 6 4 3 4 0 2
1612688250 87 95 28 3 11 18 1 0 8 3 7 1 6 2 6 4 3 4 0 2
1612714656 87 96 28 3 11 18 1 0 8 3 7 1 6 2 6 4 3 4 0 2
1612714681 87 97 28 3 11 18 1 0 8 3 7 1 6 2 6 4 3 4 0 2
1612716773 87 97 28 3 11 19 1 0 8 3 7 1 6 2 6 4 3 4 0 2
1612716853 87 97 28 3 11 20 1 0 8 3 7 1 6 2 6 4 3 4 0 2
1612734667 87 98 28 3 11 20 1 0 8 3 7 1 6 2 6 4 3 4 0 2
1612775848 87 99 28 3 11 20 1 0 8 3 7 1 6 2 6 4 3 4 0 2
1612776876 87 100 28 3 11 20 1 0 8 3 7 1 6 2 6 4 3 4 0 2
1612798511 88 100 28 3 11 20 1 0 8 3 7 1 6 2 6 4 3 4 0 2
1612805115 88 101 28 3 11 20 1 0 8 3 7 1 6 2 6 4 3 4 0 2
1612805181 88 102 28 3 11 20 1 0 8 3 7 1 6 2 6 4 3 4 0 2
1612807587 89 103 28 3 11 20 1 0 8 3 7 1 6 2 6 4 3 4 0 2
1612809041 89 104 28 3 11 20 1 0 8 3 7 1 6 2 6 4 3 4 0 2
1612809955 90 104 28 3 11 20 1 0 8 3 7 1 6 2 6 4 3 4 0 2
1612809958 91 104 28 3 11 20 1 0 8 3 7 1 6 2 6 4 3 4 0 2
1612962800 92 104 28 3 11 20 1 0 8 3 7 1 6 2 6 4 3 4 0 2
1612964966 93 104 28 3 11 20 1 0 8 3 7 1 6 2 6 4 3 4 0 2
1612966694 93 104 28 3 11 21 1 0 8 3 7 1 6 2 6 4 3 4 0 2
1612966740 93 104 28 3 11 22 1 0 8 3 7 1 6 2 6 4 3 4 0 2
1612967239 93 104 28 3 11 23 1 0 8 3 7 1 6 2 6 4 3 4 0 2
1612967275 93 104 28 3 11 24 1 0 8 3 7 1 6 2 6 4 3 4 0 2
1612968249 94 104 28 3 11 24 1 0 8 3 7 1 6 2 6 4 3 4 0 2
1612970820 94 105 28 3 11 24 1 0 8 3 7 1 6 2 6 4 3 4 0 2
1612974633 94 106 28 3 11 24 1 0 8 3 7 1 6 2 6 4 3 4 0 2
1612975109 94 107 28 3 11 24 1 0 8 3 7 1 6 2 6 4 3 4 0 2
1612977916 94 107 28 3 11 24 1 0 9 3 7 1 6 2 6 4 3 4 0 2
1612979366 94 108 28 3 11 24 1 0 9 3 7 1 6 2 6 4 3 4 0 2
1612979383 94 109 28 3 11 24 1 0 9 3 7 1 6 2 6 4 3 4 0 2
1612990057 94 110 28 3 11 24 1 0 9 3 7 1 6 2 6 4 3 4 0 2
1612995977 94 110 28 3 11 25 1 0 9 3 7 1 6 2 6 4 3 4 0 2
1612996088 94 110 28 3 11 26 1 0 9 3 7 1 6 2 6 4 3 4 0 2
1612996123 94 110 28 3 11 27 1 0 9 3 7 1 6 2 6 4 3 4 0 2
1613026161 94 111 28 3 11 27 1 0 9 3 7 1 6 2 6 4 3 4 0 2
1613028217 94 113 28 3 11 27 1 0 9 3 7 1 6 2 6 4 3 4 0 2
1613028663 94 114 28 3 11 27 1 0 9 3 7 1 6 2 6 4 3 4 0 2
1613047617 95 114 28 3 11 27 1 0 9 3 7 1 6 2 6 4 3 4 0 2
1613048582 95 115 28 3 11 27 1 0 9 3 7 1 6 2 6 4 3 4 0 2
1613053219 95 116 28 3 11 27 1 0 9 3 7 1 6 2 6 4 3 4 0 2
1613053223 95 117 28 3 11 27 1 0 9 3 7 1 6 2 6 4 3 4 0 2
1613081451 95 117 28 3 11 27 1 0 9 3 7 1 7 2 6 4 3 4 0 2
1613108612 95 118 28 3 11 27 1 0 9 3 7 1 7 2 6 4 3 4 0 2
1613108616 95 119 28 3 11 27 1 0 9 3 7 1 7 2 6 4 3 4 0 2
1613131028 95 120 28 3 11 27 1 0 9 3 7 1 7 2 6 4 3 4 0 2
1613145025 95 120 29 3 11 27 1 0 9 3 7 1 7 2 6 4 3 4 0 2
1613147253 95 121 29 3 11 27 1 0 9 3 7 1 7 2 6 4 3 4 0 2
1613147307 95 122 29 3 11 27 1 0 9 3 7 1 7 2 6 4 3 4 0 2
1613147585 95 123 29 3 11 27 1 0 9 3 7 1 7 2 6 4 3 4 0 2
1613150022 96 123 29 3 11 27 1 0 9 3 7 1 7 2 6 4 3 4 0 2
1613150524 97 123 29 3 11 27 1 0 9 3 7 1 7 2 6 4 3 4 0 2
1613153595 98 123 29 3 11 27 1 0 9 3 7 1 7 2 6 4 3 4 0 2
1613158291 98 123 29 3 12 27 1 0 9 3 7 1 7 2 6 4 3 4 0 2
1613167912 99 123 29 3 12 27 1 0 9 3 7 1 7 2 6 4 3 4 0 2
1613168406 100 123 29 3 12 27 1 0 9 3 7 1 7 2 6 4 3 4 0 2
1613171840 100 124 29 3 12 27 1 0 9 3 7 1 7 2 6 4 3 4 0 2
1613171846 100 125 29 3 12 27 1 0 9 3 7 1 7 2 6 4 3 4 0 2
1613174948 100 125 30 3 12 27 1 0 9 3 7 1 7 2 6 4 3 4 0 2
1613197496 101 125 30 3 12 27 1 0 9 3 7 1 7 2 6 4 3 4 0 2
1613197994 102 125 30 3 12 27 1 0 9 3 7 1 7 2 6 4 3 4 0 2
1613217559 103 125 30 3 12 27 1 0 9 3 7 1 7 2 6 4 3 4 0 2
1613226666 103 125 30 3 12 27 1 0 9 3 7 1 7 2 6 4 3 4 1 2
1613291617 104 125 30 3 12 27 1 0 9 3 7 1 7 2 6 4 3 4 1 2
1613293461 106 125 30 3 12 27 2 0 9 3 7 1 7 2 6 4 3 4 1 2
1613296345 107 127 30 3 12 27 2 0 9 3 7 1 7 2 6 4 3 4 1 2
1613299011 107 128 30 3 12 27 2 0 9 3 7 1 7 2 6 4 3 4 1 2
1613299633 107 129 30 3 12 27 2 0 9 3 7 1 7 2 6 4 3 4 1 2
1613299736 108 129 30 3 12 27 2 0 9 3 7 1 7 2 6 4 3 4 1 2
1613299740 109 129 30 3 12 27 2 0 9 3 7 1 7 2 6 4 3 4 1 2
1613305799 111 129 30 3 12 27 2 0 9 3 7 1 7 2 6 4 3 4 1 2
1613315169 112 129 30 3 12 27 2 0 9 3 7 1 7 2 6 4 3 4 1 2
1613326345 113 129 30 3 12 27 2 0 9 3 7 1 7 2 6 4 3 4 1 2
1613372424 113 130 30 3 12 27 2 0 9 3 7 1 7 2 6 4 3 4 1 2
1613374768 113 131 30 3 12 27 2 0 9 3 7 1 7 2 6 4 3 4 1 2
1613385844 113 132 30 3 12 27 2 0 9 3 7 1 7 2 6 4 3 4 1 2
1613385847 113 132 30 4 12 27 2 0 9 3 7 1 7 2 6 4 3 4 1 2
1613386918 113 132 30 5 12 27 2 0 9 3 7 1 7 2 6 4 3 4 1 2
1613388217 113 132 30 6 12 27 2 0 9 3 7 1 7 2 6 4 3 4 1 2
1613459107 113 133 30 6 12 27 2 0 9 3 7 1 7 2 6 4 3 4 1 2
1613459825 113 133 31 6 12 27 2 0 9 3 7 1 7 2 6 4 3 4 1 2
1613459858 113 133 33 6 12 27 2 0 9 3 7 1 7 2 6 4 3 4 1 2
1613459912 113 133 34 6 12 27 2 0 9 3 7 1 7 2 6 4 3 4 1 2
1613489631 113 133 35 6 12 27 2 0 9 3 7 1 7 2 6 4 3 4 1 2
1613496986 113 133 35 6 13 27 2 0 9 3 7 1 7 2 6 4 3 4 1 2
1613543944 113 133 36 6 13 27 2 0 9 3 7 1 7 2 6 4 3 4 1 2
1613652825 114 133 36 6 13 27 2 0 9 3 7 1 7 2 6 4 3 4 1 2
1613654979 115 133 36 6 13 27 2 0 9 3 7 1 7 2 6 4 3 4 1 2
1613720858 116 133 36 6 13 27 2 0 9 3 7 1 7 2 6 4 3 4 1 2
1613743203 117 133 36 6 13 27 2 0 9 3 7 1 7 2 6 4 3 4 1 2
1613759379 117 133 36 6 13 27 2 0 9 4 7 1 7 2 6 4 3 4 1 2
1613812404 118 133 36 6 13 27 2 0 9 4 7 1 7 2 6 4 3 4 1 2
1613813156 119 133 36 6 13 27 2 0 9 4 7 1 7 2 6 4 3 4 1 2
1613814189 120 133 36 6 13 27 2 0 9 4 7 1 7 2 6 4 3 4 1 2
1613814749 121 133 36 6 13 27 2 0 9 4 7 1 7 2 6 4 3 4 1 2
1613984079 121 133 36 7 13 27 2 0 9 4 7 1 7 2 6 4 3 4 1 2
1613984231 122 133 36 7 13 27 2 0 9 4 7 1 7 2 6 4 3 4 1 2
1613998451 123 133 36 7 13 27 2 0 9 4 7 1 7 2 6 4 3 4 1 2
1614024952 123 134 36 7 13 27 2 0 9 4 7 1 7 2 6 4 3 4 1 2
1614051400 123 134 37 7 13 27 2 0 9 4 7 1 7 2 6 4 3 4 1 2
1614165981 123 135 37 7 13 27 2 0 9 4 7 1 7 2 6 4 3 4 1 2
1614324409 123 135 37 7 13 27 2 0 9 4 7 2 7 2 6 4 3 4 1 2
1614325903 123 135 37 7 13 27 2 0 9 4 7 2 7 2 6 4 3 4 2 2
1614330370 124 135 37 7 13 27 2 0 9 4 7 2 7 2 6 4 3 4 2 2
1614330469 125 135 37 7 13 27 2 0 9 4 7 2 7 2 6 4 3 4 2 2
1614330644 126 135 37 7 13 27 2 0 9 4 7 2 7 2 6 4 3 4 2 2
1614330839 127 135 37 7 13 27 2 0 9 4 7 2 7 2 6 4 3 4 4 2
1614334185 128 135 37 7 13 27 2 0 9 4 7 2 7 2 6 4 3 4 4 2
1614334651 129 135 37 7 13 27 2 0 9 4 7 2 7 2 6 4 3 4 4 2
1614334654 130 135 37 7 13 27 2 0 9 4 7 2 7 2 6 4 3 4 4 2
1614348039 131 135 37 7 13 27 2 0 9 4 7 2 7 2 6 4 3 4 4 2
1614348288 132 135 37 7 13 27 2 0 9 4 7 2 7 2 6 4 3 4 4 2
1614357940 133 135 37 7 13 27 2 0 9 4 7 2 7 2 6 4 3 4 4 2
1614422280 133 135 37 7 13 27 2 0 9 4 7 2 7 2 6 4 4 4 4 2
1614505417 133 135 38 7 13 27 2 0 9 4 7 2 7 2 6 4 4 4 4 2
1614593669 133 135 38 8 13 27 2 0 9 4 7 2 7 2 6 4 4 4 4 2
1614606843 134 135 38 8 13 27 2 0 9 4 7 2 7 2 6 4 4 4 4 2
1614723628 134 135 38 8 14 27 2 0 9 4 7 2 7 2 6 4 4 4 4 2
1614775411 134 135 38 8 14 27 2 0 9 4 7 3 7 2 6 4 4 4 4 2
1614837356 134 135 39 8 14 27 2 0 9 4 7 3 7 2 6 4 4 4 4 2
1614855714 135 135 39 8 14 27 2 0 9 4 7 3 7 2 6 4 4 4 4 2
1614855978 136 135 39 8 14 27 2 0 9 4 7 3 7 2 6 4 4 4 4 2
1614857841 136 135 39 8 14 27 2 0 9 4 7 3 7 2 6 4 4 4 4 2
1614857875 136 136 39 8 14 27 2 0 9 4 7 3 7 2 6 4 4 4 4 2
1614857893 136 136 39 8 14 27 2 0 9 4 7 3 7 2 6 4 4 4 4 2
1614857955 136 137 39 8 14 27 2 0 9 4 7 3 7 2 6 4 4 4 4 2
1614929438 136 137 40 8 14 27 2 0 9 4 7 3 7 2 6 4 4 4 4 2
1614934927 136 137 41 8 14 27 2 0 9 4 7 3 7 2 6 4 4 4 4 2
1615034546 136 137 41 8 14 27 2 0 9 4 7 3 7 3 6 4 4 4 4 2
1615036344 136 137 41 8 14 27 2 0 9 4 7 3 7 4 6 4 4 4 4 2
1615112813 136 137 41 8 14 27 2 0 9 4 7 3 7 4 6 4 5 4 4 2
1615113392 137 137 41 8 14 27 2 0 9 4 7 3 7 4 6 4 5 4 4 2
1615113663 138 137 41 8 14 27 2 0 9 4 7 3 7 4 6 4 5 4 4 2
1615225695 138 137 41 8 15 27 2 0 9 4 7 3 7 4 6 4 5 4 4 2
1615273505 138 137 41 8 15 27 3 0 9 4 7 3 7 4 6 4 5 4 4 2
1615274428 138 137 41 8 15 27 4 0 9 4 7 3 7 4 6 4 5 4 4 2
1615637635 139 137 41 8 15 27 4 0 9 4 7 3 7 4 6 4 5 4 4 2
1615639246 140 137 41 8 15 27 4 0 9 4 7 3 7 4 6 4 5 4 4 2
1615639376 141 137 41 8 15 27 4 0 9 4 7 3 7 4 6 4 5 4 4 2
1615643916 142 137 41 8 15 27 4 0 9 4 7 3 7 4 6 4 5 4 4 2
1615716067 143 137 41 8 15 27 4 0 9 4 7 3 7 4 6 4 5 4 4 2
1616057784 143 137 41 9 15 27 4 0 9 4 7 3 7 4 6 4 5 4 4 2
1616235977 143 138 41 9 15 27 4 0 9 4 7 3 7 4 6 4 5 4 4 2
1616306245 143 139 41 9 15 27 4 0 9 4 7 3 7 4 6 4 5 4 4 2
1616308991 143 140 41 9 15 27 4 0 9 4 7 3 7 4 6 4 5 4 4 2
1616309081 143 141 41 9 15 27 4 0 9 4 7 3 7 4 6 4 5 4 4 2
1616309813 143 141 41 9 15 27 5 0 9 4 7 3 7 4 6 4 5 4 4 2
1616310842 144 141 41 9 15 27 5 0 9 4 7 3 7 4 6 4 5 4 4 2
1616311026 145 141 41 9 15 27 5 0 9 4 7 3 7 4 6 4 5 4 4 2
1616311606 145 141 42 9 15 27 5 0 9 4 7 3 7 4 6 4 5 4 4 2
1616312064 145 141 42 9 15 27 6 0 9 4 7 3 7 4 6 4 5 4 4 2
1616415622 146 141 42 9 15 27 6 0 9 4 7 3 7 4 6 4 5 4 4 2
1616489960 147 141 42 9 15 27 6 0 9 4 7 3 7 4 6 4 5 4 4 2
1616490088 148 141 42 9 15 27 6 0 9 4 7 3 7 4 6 4 5 4 4 2
1616492517 149 141 42 9 15 27 6 0 9 4 7 3 7 4 6 4 5 4 4 2
1616680633 149 141 42 9 16 27 6 0 9 4 7 3 7 4 6 4 5 4 4 2
1616746556 149 141 42 9 16 27 6 0 9 5 7 3 7 4 6 4 5 4 4 2
1616773912 150 141 42 9 16 27 6 0 9 5 7 3 7 4 6 4 5 4 4 2
1616775327 151 141 42 9 16 27 6 0 9 5 7 3 7 4 6 4 5 4 4 2
1616826532 151 141 42 9 16 27 6 0 9 5 7 3 7 4 6 4 5 4 4 2
1616826761 151 141 42 9 16 27 6 0 9 5 7 4 7 4 6 4 5 4 4 2
1616826797 152 141 42 9 16 27 6 0 9 5 7 4 7 4 6 4 5 4 4 2
1616827065 153 141 42 9 16 27 6 0 9 5 7 4 7 4 6 4 5 4 4 2
1616827267 154 141 42 9 16 27 6 0 9 5 7 4 7 4 6 4 5 4 4 2
1616828036 154 141 43 9 16 27 6 0 9 5 7 4 7 4 6 4 5 4 4 2
1616833192 155 141 43 9 16 27 6 0 9 5 7 4 7 4 6 4 5 4 4 2
1616833310 156 141 43 9 16 27 6 0 9 5 7 4 7 4 6 4 5 4 4 2
1616833627 157 141 43 9 16 27 6 0 9 5 7 4 7 4 6 4 5 4 4 2
1616954311 157 141 43 9 16 27 6 0 10 5 7 4 7 4 6 4 5 4 4 2
1616999248 158 141 43 9 16 27 6 0 10 5 7 4 7 4 6 4 5 4 4 2
1616999830 159 141 43 9 16 27 6 0 10 5 7 4 7 4 6 4 5 4 4 2
1617004571 159 141 44 9 16 27 6 0 10 5 7 4 7 4 6 4 5 4 4 2
1617014774 160 141 44 9 16 27 6 0 10 5 7 4 7 4 6 4 5 4 4 2
1617020697 160 141 44 9 16 27 6 0 11 5 7 4 7 4 6 4 5 4 4 2
1617225034 161 141 44 9 16 27 6 0 11 5 7 4 7 4 6 4 5 4 4 2
1617225061 162 141 44 9 16 27 6 0 11 5 7 4 7 4 6 4 5 4 4 2
1617264670 163 141 44 9 16 27 6 0 11 5 7 4 7 4 6 4 5 4 4 2
1617265558 164 141 44 9 16 27 6 0 11 5 7 4 7 4 6 4 5 4 4 2
1617266674 165 141 44 9 16 27 6 0 11 5 7 4 7 4 6 4 5 4 4 2
1617338823 166 141 44 9 16 27 6 0 11 5 7 4 7 4 6 4 5 4 4 2
1617374902 166 141 44 9 16 27 6 1 11 5 7 4 7 4 6 4 5 4 4 2
1617393319 166 141 44 9 16 27 6 2 11 5 7 4 7 4 6 4 5 4 4 2
1617465728 166 141 44 9 16 27 6 3 11 5 7 4 7 4 6 4 5 4 4 2
1617473815 166 141 44 9 16 27 6 4 11 5 7 4 7 4 6 4 5 4 4 2
1617486109 166 141 44 9 16 27 6 5 11 5 7 4 7 4 6 4 5 4 4 2
1617551513 166 141 44 9 16 27 6 6 11 5 7 4 7 4 6 4 5 4 4 2
1617754005 166 141 44 9 17 27 6 6 11 5 7 4 7 4 6 4 5 4 4 2
1618035004 167 141 44 9 17 27 6 6 11 5 7 4 7 4 6 4 5 4 4 2
1618040309 168 141 44 9 17 27 6 6 11 5 7 4 7 4 6 4 5 4 4 2
1618047784 169 141 44 9 17 27 6 6 11 5 7 4 7 4 6 4 5 4 4 2
1618071956 169 141 44 9 17 27 6 7 11 5 7 4 7 4 6 4 5 4 4 2
1618131953 169 141 45 9 17 27 6 7 11 5 7 4 7 4 6 4 5 4 4 2
1618209375 169 141 45 9 17 27 6 7 11 5 7 4 7 4 6 4 5 4 4 2
1618209745 170 141 45 9 17 27 6 7 11 5 7 4 7 4 6 4 5 4 4 2
1618212349 171 141 45 9 17 27 6 7 11 5 7 4 7 4 6 4 5 4 4 2
1618215967 172 141 45 9 17 27 6 7 11 5 7 4 7 4 6 4 5 4 4 2
1618216144 173 141 45 9 17 27 6 7 11 5 7 4 7 4 6 4 5 4 4 2
1618406614 173 141 45 10 17 27 6 7 11 5 7 4 7 4 6 4 5 4 4 2
1618513389 173 141 45 10 17 27 6 8 11 5 7 4 7 4 6 4 5 4 4 2
1618563993 174 141 45 10 17 27 6 8 11 5 7 4 7 4 6 4 5 4 4 2
1618830994 175 141 45 10 17 27 6 8 11 5 7 4 7 4 6 4 5 4 4 2
1619173407 176 141 45 10 17 27 6 8 11 5 7 4 7 4 6 4 5 4 4 2
1619257864 177 141 45 10 17 27 6 8 11 5 7 4 7 4 6 4 5 4 4 2
1619274301 177 142 45 10 17 27 6 8 11 5 7 4 7 4 6 4 5 4 4 2
1619275908 177 142 46 10 17 27 6 8 11 5 7 4 7 4 6 4 5 4 4 2
1619276244 177 142 47 10 17 27 6 8 11 5 7 4 7 4 6 4 5 4 4 2
1619286297 177 142 47 10 17 27 6 9 11 5 7 4 7 4 6 4 5 4 4 2
1619464951 178 142 47 10 17 27 6 9 11 5 7 4 7 4 6 4 5 4 4 2
1619465518 179 142 47 10 17 27 6 9 11 5 7 4 7 4 6 4 5 4 4 2
1619608480 179 142 47 11 17 27 6 9 11 5 7 4 7 4 6 4 5 4 4 2
1619638510 179 142 47 11 17 27 6 10 11 5 7 4 7 4 6 4 5 4 4 2
1619711333 179 142 47 11 18 27 6 10 11 5 7 4 7 4 6 4 5 4 4 2
1619805577 180 142 47 11 18 27 6 10 11 5 7 4 7 4 6 4 5 4 4 2
1619858837 180 142 48 11 18 27 6 10 11 5 7 4 7 4 6 4 5 4 4 2
1619859027 180 142 49 11 18 27 6 10 11 5 7 4 7 4 6 4 5 4 4 2
1620057992 180 142 49 11 19 27 6 10 11 5 7 4 7 4 6 4 5 4 4 2
1620287371 180 143 49 11 19 27 6 10 11 5 7 4 7 4 6 4 5 4 4 2
1620289439 181 143 49 11 19 27 6 10 11 5 7 4 7 4 6 4 5 4 4 2
1620631628 182 143 49 11 19 27 6 10 11 5 7 4 7 4 6 4 5 4 4 2
1620679980 183 143 49 11 19 27 6 10 11 5 7 4 7 4 6 4 5 4 4 2
1620709525 184 143 49 11 19 27 6 10 11 5 7 4 7 4 6 4 5 4 4 2
1620713986 185 143 49 11 19 27 6 10 11 5 7 4 7 4 6 4 5 4 4 2
1620738371 186 143 49 11 19 27 6 10 11 5 7 4 7 4 6 4 5 4 4 2
1620744883 187 143 49 11 19 27 6 10 11 5 7 4 7 4 6 4 5 4 4 2
1620747744 188 143 49 11 19 27 6 10 11 5 7 4 7 4 6 4 5 4 4 2
1620748841 189 143 49 11 19 27 6 10 11 5 7 4 7 4 6 4 5 4 4 2
1620748858 190 143 49 11 19 27 6 10 11 5 7 4 7 4 6 4 5 4 4 2
1620749563 191 143 49 11 19 27 6 10 11 5 7 4 7 4 6 4 5 4 4 2
1620814146 192 143 49 11 19 27 6 10 11 5 7 4 7 4 6 4 5 4 4 2
1620815349 193 143 49 11 19 27 6 10 11 5 7 4 7 4 6 4 5 4 4 2
1620903245 193 143 49 12 19 27 6 10 11 5 7 4 7 4 6 4 5 4 4 2
1621072179 193 143 49 12 19 27 6 11 11 5 7 4 7 4 6 4 5 4 4 2
1621184503 193 143 49 12 20 27 6 11 11 5 7 4 7 4 6 4 5 4 4 2
1621233086 194 143 49 12 20 27 6 11 11 5 7 4 7 4 6 4 5 4 4 2
1621234519 195 143 49 12 20 27 6 11 11 5 7 4 7 4 6 4 5 4 4 2
1621514407 196 143 49 12 20 27 6 11 11 5 7 4 7 4 6 4 5 4 4 2
1621515677 197 143 49 12 20 27 6 11 11 5 7 4 7 4 6 4 5 4 4 2
1621516215 198 143 49 12 20 27 6 11 11 5 7 4 7 4 6 4 5 4 4 2
1621520460 199 143 49 12 20 27 6 11 11 5 7 4 7 4 6 4 5 4 4 2
1621594037 199 143 49 12 20 27 7 11 11 5 7 4 7 4 6 4 5 4 4 2
1621594361 199 143 49 12 20 27 8 11 11 5 7 4 7 4 6 4 5 4 4 2
1621596316 199 143 49 12 20 27 9 11 11 5 7 4 7 4 6 4 5 4 4 2
1621597126 199 143 49 12 20 27 10 11 11 5 7 4 7 4 6 4 5 4 4 2
1621672809 200 143 49 12 20 27 10 11 11 5 7 4 7 4 6 4 5 4 4 2
1621673212 201 143 49 12 20 27 10 11 11 5 7 4 7 4 6 4 5 4 4 2
1621973049 201 143 49 12 20 27 10 11 11 6 7 4 7 4 6 4 5 4 4 2
1622019600 201 144 49 12 20 27 10 11 11 6 7 4 7 4 6 4 5 4 4 2
1622021796 201 144 49 12 20 27 10 11 11 6 7 4 7 5 6 4 5 4 4 2
1622021816 201 144 49 12 20 27 10 11 11 6 7 4 7 6 6 4 5 4 4 2
1622022966 201 144 49 12 20 27 10 11 11 6 7 4 7 7 6 4 5 4 4 2
1622138248 201 144 49 12 20 27 10 11 11 6 7 5 7 7 6 4 5 4 4 2
1622533938 202 144 49 12 20 27 10 11 11 6 7 5 7 7 6 4 5 4 4 2
1623047165 203 144 49 12 20 27 10 11 11 6 7 5 7 7 6 4 5 4 4 2
1623128545 204 144 49 12 20 27 10 11 11 6 7 5 7 7 6 4 5 4 4 2
1623147681 205 144 49 12 20 27 10 11 11 6 7 5 7 7 6 4 5 4 4 2
1623176640 206 144 49 12 20 27 10 11 11 6 7 5 7 7 6 4 5 4 4 2
1623177106 207 144 49 12 20 27 10 11 11 6 7 5 7 7 6 4 5 4 4 2
1623247739 207 144 49 12 20 27 11 11 11 6 7 5 7 7 6 4 5 4 4 2
1623271624 208 144 49 12 20 27 11 11 11 6 7 5 7 7 6 4 5 4 4 2
1623272553 209 144 49 12 20 27 11 11 11 6 7 5 7 7 6 4 5 4 4 2
1623299383 210 144 49 12 20 27 11 11 11 6 7 5 7 7 6 4 5 4 4 2
1623299537 211 144 49 12 20 27 11 11 11 6 7 5 7 7 6 4 5 4 4 2
1623314052 212 144 49 12 20 27 11 11 11 6 7 5 7 7 6 4 5 4 4 2
1623314445 213 144 49 12 20 27 11 11 11 6 7 5 7 7 6 4 5 4 4 2
1623331583 213 144 49 12 21 27 11 11 11 6 7 5 7 7 6 4 5 4 4 2
1623390832 214 144 49 12 21 27 11 11 11 6 7 5 7 7 6 4 5 4 4 2
1623390836 215 144 49 12 21 27 11 11 11 6 7 5 7 7 6 4 5 4 4 2
1623394238 216 144 49 12 21 27 11 11 11 6 7 5 7 7 6 4 5 4 4 2
1623394621 217 144 49 12 21 27 11 11 11 6 7 5 7 7 6 4 5 4 4 2
1623398320 218 144 49 12 21 27 11 11 11 6 7 5 7 7 6 4 5 4 4 2
1623483446 219 144 49 12 21 27 11 11 11 6 7 5 7 7 6 4 5 4 4 2
1623510359 220 144 49 12 21 27 11 11 11 6 7 5 7 7 6 4 5 4 4 2
1623512160 221 144 49 12 22 27 11 11 11 6 7 5 7 7 6 4 5 4 4 2
1623515849 221 144 49 12 23 27 11 11 11 6 7 5 7 7 6 4 5 4 4 2
1623561848 222 144 49 12 23 27 11 11 11 6 7 5 7 7 6 4 5 4 4 2
1623561952 223 144 49 12 23 27 11 11 11 6 7 5 7 7 6 4 5 4 4 2
1623566605 223 144 49 12 23 27 11 11 11 7 7 5 7 7 6 4 5 4 4 2
1623570899 224 144 49 12 23 27 11 11 11 7 7 5 7 7 6 4 5 4 4 2
1623571316 225 144 49 12 23 27 11 11 11 7 7 5 7 7 6 4 5 4 4 2
1623734054 226 144 49 12 23 27 11 11 11 7 7 5 7 7 6 4 5 4 4 2
1623734100 227 144 49 12 23 27 11 11 11 7 7 5 7 7 6 4 5 4 4 2
1623734231 228 144 49 12 23 27 11 11 11 7 7 5 7 7 6 4 5 4 4 2
1623742413 229 144 49 12 23 27 11 11 11 7 7 5 7 7 6 4 5 4 4 2
1623743073 230 144 49 12 23 27 11 11 11 7 7 5 7 7 6 4 5 4 4 2
1623743877 231 144 49 12 23 27 11 11 11 7 7 5 7 7 6 4 5 4 4 2
1623746690 232 144 49 12 23 27 11 11 11 7 7 5 7 7 6 4 5 4 4 2
1623843387 233 144 49 12 23 27 11 11 11 7 7 5 7 7 6 4 5 4 4 2
1623843419 234 144 49 12 23 27 11 11 11 7 7 5 7 7 6 4 5 4 4 2
1623846414 235 144 49 12 23 27 11 11 11 7 7 5 7 7 6 4 5 4 4 2
1624096345 236 144 49 12 23 27 11 11 11 7 7 5 7 7 6 4 5 4 4 2
1624097805 237 144 49 12 23 27 11 11 11 7 7 5 7 7 6 4 5 4 4 2
1624097845 238 144 49 12 23 27 11 11 11 7 7 5 7 7 6 4 5 4 4 2
1624098527 239 144 49 12 23 27 11 11 11 7 7 5 7 7 6 4 5 4 4 2
1624254500 240 144 49 12 23 27 11 11 11 7 7 5 7 7 6 4 5 4 4 2
1624255404 241 144 49 12 23 27 11 11 11 7 7 5 7 7 6 4 5 4 4 2
1624372529 242 144 49 12 23 27 11 11 11 7 7 5 7 7 6 4 5 4 4 2
1624555813 242 144 50 12 23 27 11 11 11 7 7 5 7 7 6 4 5 4 4 2
1624792043 243 144 50 12 23 27 11 11 11 7 7 5 7 7 6 4 5 4 4 2
1624808011 243 144 50 12 24 27 11 11 11 7 7 5 7 7 6 4 5 4 4 2
1624808211 243 144 50 12 25 27 11 11 11 7 7 5 7 7 6 4 5 4 4 2
1624885269 244 144 50 12 25 27 11 11 11 7 7 5 7 7 6 4 5 4 4 2
1624886258 244 145 50 12 25 27 11 11 11 7 7 5 7 7 6 4 5 4 4 2
1624889465 245 145 50 12 25 27 11 11 11 7 7 5 7 7 6 4 5 4 4 2
1624895498 245 145 50 12 26 27 11 11 11 7 7 5 7 7 6 4 5 4 4 2
1624944345 246 145 50 12 26 27 11 11 11 7 7 5 7 7 6 4 5 4 4 2
1625294022 247 145 50 12 26 27 11 11 11 7 7 5 7 7 6 4 5 4 4 2
1625300425 248 145 50 12 26 27 11 11 11 7 7 5 7 7 6 4 5 4 4 2
1625480815 249 145 50 12 26 27 11 11 11 7 7 5 7 7 6 4 5 4 4 2
1625480872 250 145 50 12 26 27 11 11 11 7 7 5 7 7 6 4 5 4 4 2
1625652504 250 145 50 13 26 27 11 11 11 7 7 5 7 7 6 4 5 4 4 2
1625897569 251 145 50 13 26 27 11 11 11 7 7 5 7 7 6 4 5 4 4 2
1625897583 252 145 50 13 26 27 11 11 11 7 7 5 7 7 6 4 5 4 4 2
1625900719 253 145 50 13 26 27 11 11 11 7 7 5 7 7 6 4 5 4 4 2
1626338794 254 145 50 13 26 27 11 11 11 7 7 5 7 7 6 4 5 4 4 2
1627407722 254 145 50 13 26 27 11 11 11 7 7 6 7 7 6 4 5 4 4 2
1627578261 254 145 50 13 27 27 11 11 11 7 7 6 7 7 6 4 5 4 4 2
1627632283 255 145 50 13 27 27 11 11 11 7 7 6 7 7 6 4 5 4 4 2
1628196758 256 145 50 13 27 27 11 11 11 7 7 6 7 7 6 4 5 4 4 2
1628487107 256 145 50 13 27 27 11 11 11 7 7 7 7 7 6 4 5 4 4 2
1628665986 256 145 50 13 27 27 11 11 11 7 7 7 7 7 6 4 5 4 4 2
1628941439 257 145 50 13 27 27 11 11 11 7 7 7 7 7 6 4 5 4 4 2
1629026967 258 145 50 13 27 27 11 11 11 7 7 7 7 7 6 4 5 4 4 2
1629038727 259 145 50 13 27 27 11 11 11 7 7 7 7 7 6 4 5 4 4 2
1629038903 260 145 50 13 27 27 11 11 11 7 7 7 7 7 6 4 5 4 4 2
1629064042 261 145 50 13 27 27 11 11 11 7 7 7 7 7 6 4 5 4 4 2
1629368356 262 145 50 14 27 27 11 11 11 7 7 7 7 7 6 4 5 4 4 2
1629371304 263 145 50 14 27 27 11 11 11 7 7 7 7 7 6 4 5 4 4 2
1629451625 263 145 50 15 27 27 11 11 11 7 7 7 7 7 6 4 5 4 4 2
1629452765 263 145 51 15 27 27 11 11 11 7 7 7 7 7 6 4 5 4 4 2
1629710283 264 145 51 15 27 27 11 11 11 7 7 7 7 7 6 4 5 4 4 2
1629715492 265 145 51 15 27 27 11 11 11 7 7 7 7 7 6 4 5 4 4 2
1629790486 266 145 51 15 27 27 11 11 11 7 7 7 7 7 6 4 5 4 4 2
1629797200 266 145 51 16 27 27 11 11 11 7 7 7 7 7 6 4 5 4 4 2
1629892417 267 145 51 16 27 27 11 11 11 7 7 7 7 7 6 4 5 4 4 2
1629992751 268 145 51 16 27 27 11 11 11 7 7 7 7 7 6 4 5 4 4 2
1630395595 269 145 51 16 27 27 11 11 11 7 7 7 7 7 6 4 5 4 4 2
1630672619 269 145 51 17 27 27 11 11 11 7 7 7 7 7 6 4 5 4 4 2
1630873459 270 145 51 17 27 27 11 11 11 7 7 7 7 7 6 4 5 4 4 2
1630903274 271 145 51 17 27 27 11 11 11 7 7 7 7 7 6 4 5 4 4 2
1631037711 272 145 51 17 27 27 11 11 11 7 7 7 7 7 6 4 5 4 4 2
1631047339 273 145 51 17 27 27 11 11 11 7 7 7 7 7 6 4 5 4 4 2
1631125041 273 145 52 17 27 27 11 11 11 7 7 7 7 7 6 4 5 4 4 2
1631125193 273 145 53 17 27 27 11 11 11 7 7 7 7 7 6 4 5 4 4 2
1631166232 274 145 53 17 27 27 11 11 11 7 7 7 7 7 6 4 5 4 4 2
1631264174 274 145 53 18 27 27 11 11 11 7 7 7 7 7 6 4 5 4 4 2
1631686105 275 145 53 18 27 27 11 11 11 7 7 7 7 7 6 4 5 4 4 2
1631698314 275 145 53 19 27 27 11 11 11 7 7 7 7 7 6 4 5 4 4 2
1631733111 276 145 53 19 27 27 11 11 11 7 7 7 7 7 6 4 5 4 4 2
1631781933 276 145 53 20 27 27 11 11 11 7 7 7 7 7 6 4 5 4 4 2
1631784330 276 145 53 22 27 27 11 11 11 7 7 7 7 7 6 4 5 4 4 2
1631866435 276 145 53 23 27 27 11 11 11 7 7 7 7 7 6 4 5 4 4 2
1631942465 277 145 53 23 27 27 11 11 11 7 7 7 7 7 6 4 5 4 4 2
1631945362 278 145 53 23 27 27 11 11 11 7 7 7 7 7 6 4 5 4 4 2
1632078566 279 145 53 23 27 27 11 11 11 7 7 7 7 7 6 4 5 4 4 2
1632078709 280 145 53 23 27 27 11 11 11 7 7 7 7 7 6 4 5 4 4 2
1632079838 281 145 53 23 27 27 11 11 11 7 7 7 7 7 6 4 5 4 4 2
1632081136 282 145 53 23 27 27 11 11 11 7 7 7 7 7 6 4 5 4 4 2
1632081311 283 145 53 23 27 27 11 11 11 7 7 7 7 7 6 4 5 4 4 2
1632082720 284 145 53 23 27 27 11 11 11 7 7 7 7 7 6 4 5 4 4 2
1632083699 285 145 53 23 27 27 11 11 11 7 7 7 7 7 6 4 5 4 4 2
1632125671 286 145 53 23 27 27 11 11 11 7 7 7 7 7 6 4 5 4 4 2
1632129656 287 145 53 23 27 27 11 11 11 7 7 7 7 7 6 4 5 4 4 2
1632130099 288 145 53 23 27 27 11 11 11 7 7 7 7 7 6 4 5 4 4 2
1632171905 289 145 53 23 27 27 11 11 11 7 7 7 7 7 6 4 5 4 4 2
1632342874 289 145 53 23 28 27 11 11 11 7 7 7 7 7 6 4 5 4 4 2
1632459057 290 145 53 23 28 27 11 11 11 7 7 7 7 7 6 4 5 4 4 2
1632463671 291 145 53 23 28 27 11 11 11 7 7 7 7 7 6 4 5 4 4 2
1632733160 291 145 53 24 28 27 11 11 11 7 7 7 7 7 6 4 5 4 4 2
1633680372 292 145 53 24 28 27 11 11 11 7 7 7 7 7 6 4 5 4 4 2
1633681932 293 145 53 24 28 27 11 11 11 7 7 7 7 7 6 4 5 4 4 2
1633699415 293 145 53 25 28 27 11 11 11 7 7 7 7 7 6 4 5 4 4 2
1633699544 293 145 53 26 28 27 11 11 11 7 7 7 7 7 6 4 5 4 4 2
1633773873 294 145 53 26 28 27 11 11 11 7 7 7 7 7 6 4 5 4 4 2
1633774343 295 145 53 26 28 27 11 11 11 7 7 7 7 7 6 4 5 4 4 2
1633944476 296 145 53 26 28 27 11 11 11 7 7 7 7 7 6 4 5 4 4 2
1633973904 297 145 53 26 28 27 11 11 11 7 7 7 7 7 6 4 5 4 4 2
1634120648 297 145 53 27 28 27 11 11 11 7 7 7 7 7 6 4 5 4 4 2
1634331015 297 145 53 27 28 27 11 11 11 8 7 7 7 7 6 4 5 4 4 2
1634563071 297 145 53 28 28 27 11 11 11 8 7 7 7 7 6 4 5 4 4 2
1634577121 298 145 53 28 28 27 11 11 11 8 7 7 7 7 6 4 5 4 4 2
1634617097 298 146 53 28 28 27 11 11 11 8 7 7 7 7 6 4 5 4 4 2
1634893436 299 146 53 28 28 27 11 11 11 8 7 7 7 7 6 4 5 4 4 2
1634893449 300 146 53 28 28 27 11 11 11 8 7 7 7 7 6 4 5 4 4 2
1634899179 301 146 53 28 28 27 11 11 11 8 7 7 7 7 6 4 5 4 4 2
1634917199 301 146 54 28 28 27 11 11 11 8 7 7 7 7 6 4 5 4 4 2
1634922111 302 146 54 28 28 27 11 11 11 8 7 7 7 7 6 4 5 4 4 2
1634930516 303 146 54 28 28 27 11 11 11 8 7 7 7 7 6 4 5 4 4 2
1635463391 303 146 54 28 29 27 11 11 11 8 7 7 7 7 6 4 5 4 4 2
1635801865 303 146 54 28 29 27 12 11 11 8 7 7 7 7 6 4 5 4 4 2
1636198932 304 146 54 28 29 27 12 11 11 8 7 7 7 7 6 4 5 4 4 2
1636212425 305 146 54 28 29 27 12 11 11 8 7 7 7 7 6 4 5 4 4 2
1636215728 306 146 54 28 29 27 12 11 11 8 7 7 7 7 6 4 5 4 4 2
1636216206 307 146 54 28 29 27 12 11 11 8 7 7 7 7 6 4 5 4 4 2
1636280106 307 146 54 28 29 27 12 11 11 8 7 7 7 7 6 4 6 4 4 2
1636296813 308 146 54 28 29 27 12 11 11 8 7 7 7 7 6 4 6 4 4 2
1636297925 309 146 54 28 29 27 12 11 11 8 7 7 7 7 6 4 6 4 4 2
1636298498 310 146 54 28 29 27 12 11 11 8 7 7 7 7 6 4 6 4 4 2
1636298682 311 146 54 28 29 27 12 11 11 8 7 7 7 7 6 4 6 4 4 2
1636300906 312 146 54 28 29 27 12 11 11 8 7 7 7 7 6 4 6 4 4 2
1636302460 313 146 54 28 29 27 12 11 11 8 7 7 7 7 6 4 6 4 4 2
1636303649 314 146 54 28 29 27 12 11 11 8 7 7 7 7 6 4 6 4 4 2
1636307927 315 146 54 28 29 27 12 11 11 8 7 7 7 7 6 4 6 4 4 2
1636308731 316 146 54 28 29 27 12 11 11 8 7 7 7 7 6 4 6 4 4 2
1636309616 317 146 54 28 29 27 12 11 11 8 7 7 7 7 6 4 6 4 4 2
1636309937 318 146 54 28 29 27 12 11 11 8 7 7 7 7 6 4 6 4 4 2
1636324404 319 146 54 28 29 27 12 11 11 8 7 7 7 7 6 4 6 4 4 2
1636324551 320 146 54 28 29 27 12 11 11 8 7 7 7 7 6 4 6 4 4 2
1636326309 321 146 54 28 29 27 12 11 11 8 7 7 7 7 6 4 6 4 4 2
1636351204 322 146 54 28 29 27 12 11 11 8 7 7 7 7 6 4 6 4 4 2
1636372045 322 146 54 29 29 27 12 11 11 8 7 7 7 7 6 4 6 4 4 2
1636438892 323 146 54 29 29 27 12 11 11 8 7 7 7 7 6 4 6 4 4 2
1636446894 323 146 54 29 29 27 12 11 11 8 7 7 7 7 6 4 6 4 4 2
1636739778 323 147 54 29 29 27 12 11 11 8 7 7 7 7 6 4 6 4 4 2
1636788003 324 147 54 29 29 27 12 11 11 8 7 7 7 7 6 4 6 4 4 2
1636954278 325 147 54 29 29 27 12 11 11 8 7 7 7 7 6 4 6 4 4 2
1637134780 325 147 54 30 29 27 12 11 11 8 7 7 7 7 6 4 6 4 4 2
1637350226 325 147 54 30 29 27 12 11 11 9 7 7 7 7 6 4 6 4 4 2
1637350259 325 147 54 30 29 27 12 11 11 10 7 7 7 7 6 4 6 4 4 2
1637477217 325 147 54 30 29 27 12 11 11 11 7 7 7 7 6 4 6 4 4 2
1637489416 326 147 54 30 29 27 12 11 11 11 7 7 7 7 6 4 6 4 4 2
1637489748 327 147 54 30 29 27 12 11 11 11 7 7 7 7 6 4 6 4 4 2
1637490627 328 147 54 30 29 27 12 11 11 11 7 7 7 7 6 4 6 4 4 2
1637565803 328 147 54 31 29 27 12 11 11 11 7 7 7 7 6 4 6 4 4 2
1637911848 329 147 54 31 29 27 12 11 11 11 7 7 7 7 6 4 6 4 4 2
1638165416 330 147 54 31 29 27 12 11 11 11 7 7 7 7 6 4 6 4 4 2
1638195390 330 147 57 31 29 27 12 11 11 11 7 7 7 7 6 4 6 4 4 2
1638226078 330 147 58 31 29 27 12 11 11 11 7 7 7 7 6 4 6 4 4 2
1638299101 330 147 58 31 29 27 12 11 11 11 7 7 7 7 6 5 6 4 4 2
1638385512 330 147 58 31 29 27 13 11 11 11 7 7 7 7 6 5 6 4 4 2
1638532168 330 147 58 32 29 27 13 11 11 11 7 7 7 7 6 6 6 4 4 2
1638782834 331 147 58 32 29 27 13 11 11 11 7 7 7 7 6 6 6 4 4 2
1639035535 331 147 58 33 29 27 13 11 11 11 7 7 7 7 6 6 6 4 4 2
1639419744 332 147 58 33 29 27 13 11 11 11 7 7 7 7 6 6 6 4 4 2
1639420600 333 147 58 33 29 27 13 11 11 11 7 7 7 7 6 6 6 4 4 2
1639421453 334 147 58 33 29 27 13 11 11 11 7 7 7 7 6 6 6 4 4 2
1639547250 335 147 58 33 29 27 13 11 11 11 7 7 7 7 6 6 6 4 4 2
1639575904 335 147 58 33 29 27 13 11 11 11 7 7 7 7 6 6 6 4 4 2
1639844994 335 147 58 33 30 27 13 11 11 11 7 7 7 7 6 6 6 4 4 2
1639992618 336 147 58 33 30 27 13 11 11 11 7 7 7 7 6 6 6 4 4 2
1640007380 337 147 58 33 30 27 13 11 11 11 7 7 7 7 6 6 6 4 4 2
1640066302 338 147 58 33 30 27 13 11 11 11 7 7 7 7 6 6 6 4 4 2
1640100417 339 147 58 33 30 27 13 11 11 11 7 7 7 7 6 6 6 4 4 2
1640102717 340 147 58 33 30 27 13 11 11 11 7 7 7 7 6 6 6 4 4 2
1641070428 340 147 59 33 30 27 13 11 11 11 7 7 7 7 6 6 6 4 4 2
