1609575522 23
1609575884 23
1609663071 30
1609677472 32
1609679394 32
1609745814 32
1609751497 386
1609777394 402
1609778062 402
1609783257 411
1609844688 420
1609856622 427
1609864285 423
1609867112 436
1609891107 452
1609925510 452
1609925559 452
1609933626 463
1609953043 490
1609953048 490
1609971707 487
1609972242 487
1609974797 487
1610005409 500
1610048667 1196
1610056861 1201
1610057541 1210
1610063972 1220
1610091674 1228
1610124066 1228
1610129414 1348
1610130062 1357
1610137237 1390
1610137359 1451
1610170157 1454
1610172717 1456
1610195293 1456
1610212905 1458
1610214029 1515
1610218969 1543
1610219188 1543
1610223300 1564
1610223600 1564
1610225285 1567
1610225318 1607
1610226713 1607
1610227377 1607
1610228979 1607
1610233476 1620
1610281182 1623
1610283592 1723
1610283944 1724
1610285855 1726
1610285870 1727
1610286543 1734
1610290031 1734
1610290051 1740
1610290058 1781
1610290126 1780
1610291852 1780
1610295762 1780
1610296027 1778
1610296684 1778
1610299214 1780
1610299783 1781
1610300258 1781
1610307959 1819
1610307963 1830
1610318126 1831
1610349119 1831
1610360357 1939
1610360581 1924
1610393834 1941
1610453451 1951
1610453706 1951
1610473857 1951
1610482737 1953
1610713816 1954
1610797125 2071
1610797844 2071
1610801008 2071
1610817949 2568
1610818100 2569
1610824238 2578
1610870070 2578
1610870613 2578
1610870649 2578
1610871182 2578
1610871382 2578
1610872554 2578
1610875615 2717
1610876990 2717
1610878046 2717
1610878057 2717
1610880454 2726
1610882952 2726
1610886150 2726
1610892036 2733
1610892446 2736
1610896963 2736
1610900278 2740
1610900709 2740
1610900908 2740
1610905400 2740
1610905809 2740
1610909237 2740
1610912255 2750
1610960783 2797
1610965786 2761
1611076714 2799
1611076919 2799
1611078547 2798
1611083590 2857
1611152880 2857
1611153877 2843
1611154398 2855
1611155203 2855
1611298797 2858
1611344622 2870
1611396159 2870
1611420083 2920
1611426341 2920
1611427239 2937
1611442203 2945
1611448569 2945
1611448607 2980
1611450895 2974
1611474718 2974
1611474738 2988
1611474774 2981
1611474802 2995
1611474892 2995
1611480162 2996
1611480205 2997
1611487441 2997
1611487843 2997
1611488814 2997
1611493757 2998
1611493805 2999
1611497727 2999
1611497777 2997
1611503488 3013
1611512402 3027
1611525177 3037
1611690381 3042
1611749215 3056
1611777919 3056
1611938163 3057
1611939521 3073
1611942775 3269
1611944752 3270
1612027103 3271
1612027139 3272
1612028743 3329
1612029898 3332
1612037956 3418
1612041595 3636
1612045771 3634
1612087517 3636
1612087531 3636
1612101497 4092
1612101842 4093
1612104576 4099
1612104607 4108
1612109682 4150
1612110054 4183
1612110068 4169
1612110086 4162
1612110120 4176
1612114402 4155
1612115643 4177
1612132304 4177
1612161246 4177
1612168817 4070
1612168966 4070
1612173307 4070
1612174602 4070
1612175054 4070
1612175297 4078
1612330589 4084
1612344902 4079
1612346000 4081
1612346017 4099
1612349351 4105
1612349681 4112
1612349751 4111
1612350069 4111
1612360497 4113
1612373392 4122
1612373875 4122
1612373942 4122
1612377432 4122
1612470278 4129
1612605778 4170
1612606272 4170
1612608013 4170
1612608375 4170
1612647285 4176
1612647479 4175
1612649425 4182
1612649586 4182
1612716773 4183
1612716853 4184
1612798511 4473
1612807587 4477
1612809955 4476
1612809958 4476
1612962800 7609
1612964966 7639
1612966694 7639
1612966740 7639
1612967239 7639
1612967275 7639
1612968249 7643
1612970820 7643
1612977916 7646
1612995977 7655
1612996088 7655
1612996123 7655
1613028217 7656
1613047617 7643
1613081451 7643
1613145025 7643
1613150022 7645
1613150524 7649
1613153595 7652
1613158291 7721
1613167912 7903
1613168406 7903
1613174948 7979
1613197496 7982
1613197994 7982
1613217559 7985
1613226666 7991
1613291617 7991
1613296345 7996
1613299736 8014
1613299740 7898
1613300575 7907
1613305799 7907
1613315169 7907
1613326345 7907
1613372424 7907
1613374768 7911
1613385844 7911
1613385847 7916
1613386918 7953
1613388217 7997
1613459825 7997
1613459842 7997
1613459858 7997
1613459912 7997
1613489631 7997
1613496986 8015
1613543944 8015
1613652825 8019
1613654979 8023
1613720858 8022
1613743203 8019
1613759379 8072
1613812404 8135
1613813156 8140
1613814189 8127
1613814749 8103
1613984079 8106
1613984231 8106
1613998451 8111
1614324409 8608
1614325903 8762
1614330370 8762
1614330469 8762
1614330644 8762
1614330839 8762
1614334185 8762
1614334651 8764
1614334654 8804
1614348039 8804
1614348288 8807
1614357940 8816
1614422280 8816
1614505417 8853
1614593669 8867
1614606843 8867
1614723628 8876
1614775411 8878
1614837356 8909
1614855714 8909
1614855978 8909
1614857875 8909
1614857955 8909
1614929438 8878
1614934927 8878
1615034546 9098
1615036344 9101
1615112813 9101
1615113392 9104
1615113663 9104
1615225695 9112
1615273505 9112
1615274428 9112
1615637635 9113
1615639246 9122
1615639376 9122
1615643916 9122
1615716067 9122
1616057784 9126
1616308991 9126
1616309081 9126
1616310842 9135
1616311026 9135
1616311606 9174
1616312064 9158
1616415622 9157
1616489960 9157
1616490088 9157
1616492517 9160
1616680633 9166
1616746556 9166
1616773912 9164
1616775327 9173
1616826532 9180
1616826797 9177
1616827065 9177
1616827267 9177
1616828036 9266
1616833192 9266
1616833310 9266
1616833627 9266
1616954311 9530
1616999248 9530
1616999830 9539
1617004571 9559
1617014774 9559
1617020697 9304
1617225034 9314
1617225061 9314
1617264670 9322
1617265558 9322
1617266674 9322
1617338823 9322
1617374902 9322
1617393319 9323
1617465728 9326
1617473815 9326
1617486109 9352
1617551513 9414
1617754005 9426
1618035004 9426
1618040309 9435
1618047784 9443
1618071956 9446
1618131953 9446
1618209375 9446
1618209745 9455
1618212349 9455
1618215967 9455
1618216144 9455
1618406614 9487
1618513389 9488
1618563993 9486
1618830994 9496
1619173407 9504
1619257864 9513
1619274301 9514
1619275908 9515
1619276244 9515
1619286297 9515
1619464951 9515
1619465518 9517
1619608480 9530
1619638510 9578
1619711333 9585
1619805577 9584
1619858837 9586
1619859027 9587
1620057992 9588
1620287371 9588
1620289439 9587
1620631628 9719
1620679980 9780
1620709525 9793
1620713986 9801
1620738371 9801
1620744883 9819
1620747744 9816
1620748841 9813
1620748858 9811
1620814146 9811
1620815349 9914
1620903245 9923
1621072179 9938
1621184503 9946
1621233086 9944
1621234519 9972
1621514407 9980
1621515677 9993
1621516215 10002
1621520460 10002
1621594037 10008
1621594361 10008
1621596316 10008
1621597126 10008
1621672809 10009
1621673212 10017
1621973049 10019
1622019600 10019
1622021796 10016
1622021816 10016
1622022966 10016
1622138248 10014
1622533938 10013
1623047165 10007
1623128545 10017
1623147681 10031
1623176640 10031
1623177106 10040
1623247739 10040
1623271624 10063
1623272553 10064
1623299383 10072
1623299537 10072
1623314052 10097
1623314445 10087
1623390832 10155
1623390836 10166
1623394238 10247
1623394621 10249
1623398320 10249
1623483446 10249
1623510359 10240
1623510611 10287
1623512160 10240
1623515849 10299
1623561848 10304
1623561952 10304
1623566605 10304
1623570899 10284
1623571316 10278
1623734054 10278
1623734100 10268
1623734231 10328
1623742413 10328
1623743073 10332
1623743877 10395
1623746690 10388
1623843387 10388
1623843419 10402
1623846414 10402
1624096345 10420
1624097805 10420
1624097845 10420
1624098527 10421
1624254500 10421
1624255404 10421
1624372529 10421
1624555813 10421
1624792043 10426
1624808011 10430
1624808211 10432
1624885269 10435
1624886258 10435
1624889465 10435
1624895498 10437
1624944345 10437
1625294022 10460
1625300425 10460
1625480815 10478
1625480872 10478
1625652504 10554
1625897569 10562
1625897583 10562
1625900719 10562
1626338794 10563
1627407722 10573
1627578261 10574
1627632283 10579
1628196758 10583
1628487107 10599
1628665986 10616
1628941439 10635
1629026967 10608
1629038727 10607
1629038903 10605
1629064042 10611
1629364985 11167
1629368356 11167
1629371304 11176
1629451625 11195
1629452765 11195
1629710283 11195
1629715492 11195
1629790486 11198
1629797200 11198
1629892417 11201
1629992751 11203
1630395595 11217
1630672619 11221
1630873459 11230
1630903274 11230
1631037711 11239
1631047339 11241
1631125041 11241
1631125193 11241
1631166232 11259
1631264174 11268
1631686105 11277
1631698314 11281
1631733111 11304
1631781933 11304
1631784024 11360
1631784330 11323
1631866435 11360
1631942465 11365
1631945362 11368
1632078566 11369
1632078709 11369
1632079838 11410
1632081136 11425
1632081311 11425
1632082720 11433
1632083699 11433
1632125671 11433
1632129656 11353
1632130099 11355
1632171905 11355
1632342874 11380
1632459057 11380
1632463671 11381
1632733160 11383
1633680372 11575
1633681932 11575
1633699415 11578
1633699544 11582
1633773873 11561
1633774343 11570
1633944476 11571
1633973904 11571
1634120648 11575
1634331015 11612
1634563071 11612
1634577121 11614
1634617097 11613
1634893436 11616
1634893449 11616
1634899179 11634
1634917199 11960
1634922111 11960
1634930516 11960
1635463391 11971
1635801865 11971
1637350226 11975
1637350259 12123
1637477217 12245
1637489416 12250
1637489748 12250
1637490627 12250
1637565803 12250
1637911848 12253
1638165416 12808
1638194924 13074
1638194975 12974
1638195390 12871
1638226078 13172
1638299101 13480
1638385512 13480
1638525866 13484
1638532168 13476
1638782834 13455
1639035535 13455
1639419744 13449
1639420600 13449
1639421453 13450
1639547250 13450
1639575904 13453
1639844994 13471
1639992618 13494
1640007380 14137
1640066302 14137
1640100417 14139
1640102717 14139
1641070428 14139
