1609575522 0 0 0 0 0 0 0 0 0 0 0 292 0 0 0 0 0 0 0 0
1609575884 0 15 0 0 0 0 0 0 0 0 0 292 0 0 0 0 0 0 0 0
1609663071 0 15 0 0 0 0 0 0 0 0 0 292 0 0 0 0 15 0 0 0
1609679394 0 15 4 0 0 0 0 0 0 0 0 292 0 3 0 0 15 0 0 0
1609745814 0 15 6 0 0 0 0 0 0 0 0 292 0 3 0 0 15 0 0 0
1609751497 0 15 6 0 0 0 0 0 436 0 0 292 0 3 0 0 15 0 0 0
1609777394 0 15 6 0 0 0 0 0 436 26 0 292 0 3 0 0 15 0 0 0
1609778062 0 15 6 0 0 0 0 0 436 30 0 292 0 3 0 0 15 0 0 0
1609783257 10 15 6 0 0 0 0 0 436 30 0 292 0 3 0 0 15 0 0 0
1609844688 70 15 6 0 0 0 0 0 436 30 0 292 0 3 0 0 15 0 0 0
1609856622 70 15 6 0 20 0 0 0 436 30 0 292 0 3 0 0 15 0 0 0
1609864285 71 15 6 0 20 0 0 0 436 30 0 292 0 3 0 0 15 0 0 0
1609867112 71 15 6 0 20 0 0 0 436 30 0 292 0 3 0 0 33 0 0 0
1609891107 71 15 6 0 38 0 0 0 436 30 0 292 0 3 0 0 33 0 0 0
1609925510 71 15 6 0 38 0 0 0 436 30 0 292 0 3 0 1 33 0 0 0
1609925559 71 15 6 0 38 0 0 0 436 30 0 292 0 3 0 2 33 0 0 0
1609933626 71 15 6 0 38 0 0 0 450 30 0 292 0 3 0 2 33 0 0 0
1609943041 71 15 6 0 38 0 0 0 450 30 3 292 0 3 0 2 33 0 0 0
1609953043 71 15 6 0 38 0 0 0 483 30 3 292 0 3 0 2 33 0 0 0
1609953048 71 15 6 0 38 0 0 0 483 30 3 292 0 3 0 2 33 0 0 0
1609971707 74 15 6 0 38 0 0 0 483 30 3 292 0 3 0 2 33 0 0 0
1609972242 75 15 6 0 38 0 0 0 483 30 3 292 0 3 0 2 33 0 0 0
1609974797 76 15 6 0 38 0 0 0 483 30 3 292 0 3 0 2 33 0 0 0
1610005409 100 15 6 0 38 0 0 0 483 30 3 292 0 3 0 2 33 0 0 0
1610048667 100 15 6 0 38 0 0 0 483 30 3 292 0 3 699 2 33 0 0 0
1610056861 106 15 6 0 38 0 0 0 483 30 3 292 0 3 699 2 33 0 0 0
1610057541 118 15 6 0 38 0 0 0 483 30 3 292 0 3 699 2 33 0 0 0
1610063972 118 15 6 0 38 0 0 0 483 30 3 292 0 3 710 2 33 0 0 0
1610093566 118 105 6 0 38 0 0 0 483 30 3 292 0 3 710 2 33 0 0 0
1610093731 118 109 6 0 38 0 0 0 483 30 3 292 0 3 710 2 33 0 0 0
1610094226 118 110 6 0 38 0 0 0 483 30 3 292 0 3 710 2 33 12 0 0
1610106847 118 184 6 0 38 0 0 0 483 30 3 292 0 3 710 2 33 12 0 0
1610113631 118 206 6 0 38 0 0 0 483 30 3 292 0 3 710 2 33 12 0 0
1610117574 118 270 6 0 38 0 0 0 483 30 3 292 0 3 710 2 33 12 0 0
1610123285 118 270 6 0 38 0 0 0 483 30 3 292 0 3 710 2 33 12 0 0
1610123307 118 270 6 0 38 0 0 0 483 30 3 292 0 3 710 2 33 12 0 0
1610124066 118 270 6 0 38 0 0 0 483 30 3 292 0 3 715 2 33 12 0 0
1610129414 395 270 6 0 38 0 0 0 483 30 3 292 0 3 715 2 33 12 0 0
1610130062 404 270 6 0 38 0 0 0 483 30 3 292 0 3 715 2 33 12 0 0
1610130251 404 270 6 0 38 0 0 0 483 30 3 292 0 3 715 2 33 12 0 0
1610137237 404 270 6 0 38 0 0 0 483 30 3 292 0 3 715 51 33 12 0 0
1610137359 497 270 6 0 38 0 0 0 483 30 3 292 0 3 715 51 33 12 0 0
1610143533 497 302 6 0 38 0 0 0 483 30 3 292 0 3 715 51 33 12 0 0
1610144911 497 303 6 0 38 0 0 0 483 30 3 292 0 3 715 51 33 12 0 0
1610152499 497 307 6 0 38 0 0 0 483 30 3 292 0 3 715 51 33 12 0 0
1610152683 497 325 6 0 38 0 0 0 483 30 3 292 0 3 715 51 33 12 0 0
1610153277 497 330 6 0 38 0 0 0 483 30 3 292 0 3 715 51 33 12 0 0
1610153286 497 330 6 0 38 0 0 0 483 30 3 292 0 3 715 51 33 12 0 0
1610170157 503 330 6 0 38 0 0 0 483 30 3 292 0 3 715 51 33 12 0 0
1610172717 515 330 6 0 38 0 0 0 483 30 3 292 0 3 715 51 33 12 0 0
1610176946 515 358 6 0 38 0 0 0 483 30 3 292 0 3 715 51 33 12 0 0
1610178353 515 371 6 0 38 0 0 0 483 30 3 292 0 3 715 51 33 12 0 0
1610181228 515 375 6 0 38 0 0 0 483 30 3 292 0 3 715 51 33 12 0 0
1610186615 515 377 6 0 38 0 0 0 483 30 3 292 0 3 715 51 33 12 0 0
1610188403 515 391 6 0 38 0 0 0 483 30 3 292 0 3 715 51 33 12 0 0
1610195293 515 391 6 0 38 0 0 0 483 30 3 292 0 3 716 51 33 12 0 0
1610207452 515 422 6 0 38 0 0 0 483 30 3 292 0 3 716 51 33 12 0 0
1610207459 515 422 6 0 38 0 0 0 483 30 3 292 0 3 716 51 33 12 0 0
1610212905 519 422 6 0 38 0 0 0 483 30 3 292 0 3 716 51 33 12 0 0
1610214029 764 422 6 0 38 0 0 0 483 30 3 292 0 3 716 51 33 12 0 0
1610218969 804 422 6 0 38 0 0 0 483 30 3 292 0 3 716 51 33 12 0 0
1610219188 807 422 6 0 38 0 0 0 483 30 3 292 0 3 716 51 33 12 0 0
1610223300 830 422 6 0 38 0 0 0 483 30 3 292 0 3 716 51 33 12 0 0
1610223600 831 422 6 0 38 0 0 0 483 30 3 292 0 3 716 51 33 12 0 0
1610225285 834 422 6 0 38 0 0 0 483 30 3 292 0 3 716 51 33 12 0 0
1610225318 874 422 6 0 38 0 0 0 483 30 3 292 0 3 716 51 33 12 0 0
1610226713 875 422 6 0 38 0 0 0 483 30 3 292 0 3 716 51 33 12 0 0
1610227377 877 422 6 0 38 0 0 0 483 30 3 292 0 3 716 51 33 12 0 0
1610228979 881 422 6 0 38 0 0 0 483 30 3 292 0 3 716 51 33 12 0 0
1610233476 881 422 6 0 66 0 0 0 483 30 3 292 0 3 716 51 33 12 0 0
1610272362 881 422 6 0 66 0 0 0 483 30 3 292 0 3 716 51 33 12 0 0
1610280125 881 619 6 0 66 0 0 0 483 30 3 292 0 3 716 51 33 12 0 0
1610281182 890 619 6 0 66 0 0 0 483 30 3 292 0 3 716 51 33 12 0 0
1610283592 991 619 6 0 66 0 0 0 483 30 3 292 0 3 716 51 33 12 0 0
1610283944 995 619 6 0 66 0 0 0 483 30 3 292 0 3 716 51 33 12 0 0
1610285855 999 619 6 0 66 0 0 0 483 30 3 292 0 3 716 51 33 12 0 0
1610285870 1002 619 6 0 66 0 0 0 483 30 3 292 0 3 716 51 33 12 0 0
1610286543 1010 619 6 53 66 0 0 0 483 30 3 292 0 3 716 51 33 12 0 0
1610287471 1010 619 6 53 66 0 0 0 483 30 5 292 0 3 716 51 33 12 0 0
1610287487 1010 619 6 53 66 0 0 0 483 30 5 292 0 3 716 51 33 12 0 0
1610288431 1010 621 6 53 66 0 0 0 483 30 5 292 0 3 716 51 33 12 0 0
1610290031 1013 621 6 53 66 0 0 0 483 30 5 292 0 3 716 51 33 12 0 0
1610290051 1024 621 6 53 66 0 0 0 483 30 5 292 0 3 716 51 33 12 0 0
1610290058 1024 621 6 53 66 0 0 0 483 30 5 292 0 3 716 51 33 12 0 0
1610290126 1024 621 6 53 66 0 0 0 483 30 5 292 0 3 716 51 33 12 0 0
1610290434 1024 642 6 53 66 0 0 0 483 30 5 292 0 3 716 51 33 12 0 0
1610291852 1026 642 6 53 66 0 0 0 483 30 5 292 0 3 716 51 33 12 0 0
1610295762 1027 642 6 53 66 0 0 0 483 30 5 292 0 3 716 51 33 12 0 0
1610296027 1039 642 6 53 66 0 0 0 483 30 5 292 0 3 716 51 33 12 0 0
1610296684 1042 642 6 53 66 0 0 0 483 30 5 292 0 3 716 51 33 12 0 0
1610298917 1042 645 6 53 66 0 0 0 483 30 5 292 0 3 716 51 33 12 0 0
1610299013 1042 647 6 53 66 0 0 0 483 30 5 292 0 3 716 51 33 12 0 0
1610299214 1052 647 6 53 66 0 0 0 483 30 5 292 0 3 716 51 33 12 0 0
1610299608 1052 658 6 53 66 0 0 0 483 30 5 292 0 3 716 51 33 12 0 0
1610299621 1052 658 6 53 66 0 0 0 483 30 5 292 0 3 716 51 33 12 0 0
1610299783 1061 658 6 53 66 0 0 0 483 30 5 292 0 3 716 51 33 12 0 0
1610300258 1063 658 6 53 66 0 0 0 483 30 5 292 0 3 716 51 33 12 0 0
1610301414 1063 659 6 53 66 0 0 0 483 30 5 292 0 3 716 51 33 12 0 0
1610303761 1063 660 6 53 66 0 0 0 483 30 5 292 0 3 716 51 33 12 0 0
1610305058 1063 660 6 53 66 0 0 0 483 30 5 292 0 3 731 51 33 12 0 0
1610306288 1063 660 6 53 66 0 0 0 483 30 5 292 0 3 731 51 33 12 0 0
1610306359 1063 660 6 53 66 0 0 0 483 30 5 292 0 3 731 51 33 12 0 0
1610307959 1110 660 6 53 66 0 0 0 483 30 5 292 0 3 731 51 33 12 0 0
1610307963 1110 660 6 53 66 0 0 0 483 30 5 292 0 3 731 51 33 12 0 0
1610323030 1110 676 6 53 69 0 0 0 483 30 5 292 0 3 731 51 33 12 0 0
1610348897 1110 676 6 53 69 0 0 0 483 30 5 292 0 3 731 51 33 12 0 0
1610349018 1110 679 6 53 69 0 0 0 483 30 5 292 0 3 731 51 33 12 0 0
1610349119 1110 679 7 53 69 0 0 0 483 30 5 292 0 3 731 51 33 12 0 0
1610350841 1110 684 7 53 69 0 0 0 483 30 5 292 0 3 731 51 33 12 0 0
1610350847 1110 684 7 53 69 0 0 0 483 30 5 292 0 3 731 51 33 12 0 0
1610351409 1110 687 7 53 69 0 0 0 483 30 5 292 0 3 731 51 33 12 0 0
1610360581 1110 687 7 53 211 0 0 0 483 30 5 292 0 3 731 51 33 12 0 0
1610393834 1110 687 7 53 211 0 0 0 483 30 7 292 0 3 731 51 33 12 0 0
1610430415 1110 687 7 53 211 0 0 0 483 30 7 292 0 3 731 51 33 12 0 0
1610431831 1110 691 7 53 211 0 0 0 483 30 7 292 0 3 731 51 33 12 0 0
1610433917 1110 692 7 53 211 0 0 0 483 30 7 292 0 3 731 51 33 12 0 0
1610435217 1110 711 7 53 211 0 0 0 483 30 7 292 0 3 731 51 33 12 0 0
1610435752 1110 714 7 53 211 0 0 0 483 30 7 292 0 3 731 51 33 12 0 0
1610442643 1110 777 7 53 211 0 0 0 483 30 7 292 0 3 731 51 33 12 0 0
1610444763 1110 778 7 53 211 0 0 0 483 30 7 292 0 3 731 51 33 12 0 0
1610448099 1110 780 7 53 211 0 0 0 483 30 7 292 0 3 731 51 33 12 0 0
1610452456 1110 794 7 53 211 0 0 0 483 30 7 292 0 3 731 51 33 12 0 0
1610453451 1126 794 7 53 211 0 0 0 483 30 7 292 0 3 731 51 33 12 0 0
1610453706 1127 794 7 53 211 0 0 0 483 30 7 292 0 3 731 51 33 12 0 0
1610473857 1127 794 7 53 211 0 0 0 483 30 22 292 0 3 731 51 33 12 0 0
1610482580 1127 794 7 53 211 0 0 0 483 30 22 292 0 3 731 51 33 12 0 0
1610482737 1127 794 7 53 211 0 0 0 483 30 22 292 0 3 764 51 33 12 0 0
1610482913 1127 797 7 53 211 0 0 0 483 30 22 292 0 3 764 51 33 12 0 0
1610489570 1127 802 7 53 211 0 0 0 483 30 22 292 0 3 764 51 33 12 0 0
1610540506 1127 813 7 53 211 0 0 0 483 30 22 292 0 3 764 51 33 12 0 0
1610558975 1127 813 7 53 211 0 0 0 483 30 22 292 0 3 764 51 33 12 0 0
1610563676 1127 815 7 53 211 0 0 0 483 30 22 292 0 3 764 51 33 12 0 0
1610563942 1127 817 7 53 211 0 0 0 483 30 22 292 0 3 764 51 33 12 0 0
1610565707 1127 819 7 53 211 0 0 0 483 30 22 292 0 3 764 51 33 12 0 0
1610613298 1127 823 7 53 211 0 0 0 483 30 22 292 0 3 764 51 33 12 0 0
1610613394 1127 827 7 53 211 0 0 0 483 30 22 292 0 3 764 51 33 12 0 0
1610614761 1127 831 7 53 211 0 0 0 483 30 22 292 0 3 764 51 33 12 0 0
1610622968 1127 831 7 53 211 0 0 0 483 30 22 292 0 3 764 51 33 12 0 0
1610700625 1127 832 7 53 211 0 0 0 483 30 22 292 0 3 764 51 33 12 0 0
1610713816 1130 832 7 53 211 0 0 0 483 30 22 292 0 3 764 51 33 12 0 0
1610727423 1130 840 7 53 211 0 0 0 483 30 22 292 0 3 764 51 33 12 0 0
1610727427 1130 840 7 53 211 0 0 0 483 30 22 292 0 3 764 51 33 12 0 0
1610779681 1130 841 7 53 211 0 0 0 483 30 22 292 0 3 764 51 33 12 0 0
1610782013 1130 876 7 53 211 0 0 0 483 30 22 292 0 3 764 51 33 12 0 0
1610783546 1130 879 7 53 211 0 0 0 483 30 22 292 0 3 764 51 33 12 0 0
1610797125 1339 879 7 53 211 0 0 0 483 30 22 292 0 3 764 51 33 12 0 0
1610797844 1342 879 7 53 211 0 0 0 483 30 22 292 0 3 764 51 33 12 0 0
1610801008 1344 879 7 53 211 0 0 0 483 30 22 292 0 3 764 51 33 12 0 0
1610801372 1347 879 7 53 211 0 0 0 483 30 22 292 0 3 764 51 33 12 0 0
1610815701 1347 883 7 53 211 0 0 0 483 30 22 292 0 3 764 51 33 12 0 0
1610815717 1347 883 7 53 211 0 0 0 483 30 22 292 0 3 764 51 33 12 0 0
1610817949 1347 883 7 53 211 0 0 0 483 30 22 292 0 3 764 51 33 12 0 0
1610818100 1347 883 7 53 213 0 0 0 483 30 22 292 0 3 764 51 33 12 0 0
1610824238 1347 883 7 53 223 0 0 0 483 30 22 292 0 3 764 51 33 12 0 0
1610870070 1347 883 12 53 223 0 0 0 483 30 22 292 0 3 764 51 33 12 0 0
1610871182 1347 883 16 53 223 0 0 0 483 30 22 292 0 3 764 51 33 13 0 0
1610871382 1347 883 19 53 223 0 0 0 483 30 22 292 0 3 764 51 33 13 0 4
1610872554 1347 887 19 53 223 0 0 0 483 30 22 292 0 3 764 51 33 13 0 4
1610875615 1753 887 19 53 223 0 0 0 483 30 22 292 0 3 764 51 33 13 0 4
1610876990 1753 887 19 53 223 0 0 0 483 30 25 292 0 3 764 51 33 13 0 4
1610877894 1753 887 19 53 223 0 0 0 483 30 26 292 0 3 764 51 33 13 0 4
1610878046 1773 887 19 53 223 0 0 0 483 30 26 292 0 3 764 51 33 13 0 4
1610878057 1773 887 19 53 223 0 0 0 483 30 26 292 0 3 764 51 33 13 0 4
1610880454 1787 887 19 53 223 0 0 0 483 30 26 292 0 3 764 51 33 13 0 4
1610882952 1789 887 19 53 223 0 0 0 483 30 26 292 0 3 764 51 33 13 0 4
1610886150 1790 887 19 53 223 0 0 0 483 30 26 292 0 3 764 51 33 13 0 4
1610892036 1790 887 19 53 223 48 0 0 483 30 26 292 0 3 764 51 33 13 0 4
1610892446 1790 887 19 53 223 51 0 0 483 30 26 292 0 3 764 51 33 13 0 4
1610896963 1790 887 19 53 223 52 0 0 483 30 26 292 0 3 764 51 33 13 0 4
1610900278 1790 887 19 53 223 56 0 0 483 30 26 292 0 3 764 51 33 13 0 4
1610900709 1790 887 19 53 223 59 0 0 483 30 26 292 0 3 764 51 33 13 0 4
1610900908 1790 887 19 53 223 60 0 0 483 30 26 292 0 3 764 51 33 13 0 4
1610905400 1790 887 19 53 223 61 0 0 483 30 26 292 0 3 764 51 33 13 0 4
1610909237 1790 887 19 53 223 61 0 0 483 30 26 292 0 3 764 51 33 13 0 4
1610912255 1800 887 19 53 223 61 0 0 483 30 26 292 0 3 764 51 33 13 0 4
1610965786 1800 887 19 100 223 61 0 0 483 30 26 292 0 3 764 51 33 29 0 4
1611076714 1803 887 19 100 223 61 0 0 483 30 26 292 0 3 764 51 33 29 0 4
1611076919 1816 887 19 100 223 61 0 0 483 30 26 292 0 3 764 51 33 29 0 4
1611078547 2028 887 19 100 223 61 0 0 483 30 26 292 0 3 764 51 33 29 0 4
1611083590 2145 887 19 100 223 61 0 0 483 30 26 292 0 3 764 51 33 29 0 4
1611152880 2145 887 19 100 223 61 0 0 483 30 26 292 0 3 764 56 33 29 0 4
1611153877 2145 887 19 100 223 61 7 0 483 30 26 292 0 3 764 56 33 29 0 4
1611154398 2145 887 31 100 223 61 7 0 483 30 26 292 0 3 764 56 33 29 0 4
1611155203 2145 887 32 100 223 61 7 0 483 30 26 292 0 3 764 56 33 29 0 4
1611298797 2153 887 32 100 223 61 7 0 483 30 26 292 0 3 764 56 33 29 0 4
1611344622 2153 887 32 100 245 61 7 0 483 30 26 292 0 3 764 56 33 29 0 4
1611396159 2154 887 32 100 245 61 7 0 483 30 26 292 0 3 764 56 33 29 0 4
1611420083 2216 887 32 100 245 61 7 0 483 30 26 292 0 3 764 56 33 29 0 4
1611426341 2218 887 32 100 245 61 7 0 483 30 26 292 0 3 764 56 33 29 0 4
1611427239 2236 887 32 100 245 61 7 0 483 30 26 292 0 3 764 56 33 29 0 4
1611442203 2236 887 32 100 245 72 7 0 483 30 26 292 0 3 764 56 33 29 0 4
1611448569 2236 887 32 100 245 74 7 0 483 30 26 292 0 3 764 56 33 29 0 4
1611448607 2236 887 32 100 245 138 7 0 483 30 26 292 0 3 764 56 33 29 0 4
1611450895 2236 887 32 100 245 142 7 0 483 30 26 292 0 3 764 56 33 29 0 4
1611474718 2236 887 33 100 245 142 7 0 483 30 26 292 0 3 764 56 33 29 0 4
1611474774 2236 887 47 100 245 142 7 0 483 30 26 292 0 3 764 56 33 29 0 4
1611474802 2236 887 54 100 245 142 7 0 483 30 26 292 0 3 764 56 33 29 0 4
1611474892 2236 887 55 100 245 142 7 0 483 30 26 292 0 3 764 56 33 29 0 4
1611480162 2236 890 55 100 245 142 7 0 483 30 26 292 0 3 764 56 33 29 0 4
1611480205 2236 892 55 100 245 142 7 0 483 30 26 292 0 3 764 56 33 29 0 4
1611487441 2236 894 55 100 245 142 7 0 483 30 26 292 0 3 764 56 33 29 0 4
1611487843 2236 898 55 100 245 142 7 0 483 30 26 292 0 3 764 56 33 29 0 4
1611488814 2236 902 55 100 245 142 7 0 483 30 26 292 0 3 764 56 33 29 0 4
1611493757 2236 902 55 100 245 143 7 0 483 30 26 292 0 3 764 56 33 29 0 4
1611493805 2236 902 55 100 245 144 7 0 483 30 26 292 0 3 764 56 33 29 0 4
1611497727 2236 906 55 100 245 144 7 0 483 30 26 292 0 3 764 56 33 29 0 4
1611497777 2236 907 55 100 245 144 7 0 483 30 26 292 0 3 764 56 33 29 0 4
1611503488 2236 907 55 100 267 144 7 0 483 30 26 292 0 3 764 56 33 29 0 4
1611511299 2236 924 55 100 267 144 7 0 483 30 26 292 0 3 764 56 33 29 0 4
1611512402 2236 924 55 100 267 144 7 0 483 30 26 292 0 3 764 56 33 29 0 4
1611525177 2236 924 55 100 267 144 7 0 483 30 26 292 0 3 764 56 33 47 0 4
1611690381 2236 924 55 100 275 144 7 0 483 30 26 292 0 3 764 56 33 47 0 4
1611749215 2236 924 55 117 275 144 7 0 483 30 26 292 0 3 764 56 33 47 0 4
1611777919 2236 924 55 117 275 144 7 0 483 34 26 292 0 3 764 56 33 47 0 4
1611938163 2236 924 56 117 275 144 7 0 483 34 26 292 0 3 764 56 33 47 0 4
1611939521 2236 924 56 117 275 144 7 0 483 34 26 292 17 3 764 56 33 47 0 4
1611942775 2236 924 56 117 275 144 7 0 483 34 26 292 214 3 764 56 33 47 0 4
1611944752 2236 926 56 117 275 144 7 0 483 34 26 292 214 3 764 56 33 47 0 4
1612027103 2236 926 58 117 275 144 7 0 483 34 26 292 214 3 764 56 33 47 0 4
1612027139 2236 926 58 117 275 144 7 0 483 34 26 292 216 3 764 56 33 47 0 4
1612028743 2236 926 58 117 275 144 7 0 483 34 26 292 280 3 764 56 33 47 0 4
1612029898 2236 932 58 117 275 144 7 0 483 34 26 292 280 3 764 56 33 47 0 4
1612037956 2236 932 58 117 275 144 7 0 483 34 26 292 373 3 764 56 33 47 0 4
1612045771 2236 932 275 117 275 144 7 0 483 34 26 292 376 3 764 56 33 47 0 4
1612087517 2236 932 276 117 275 144 7 0 483 34 26 292 376 3 764 56 33 47 0 4
1612087531 2236 932 277 117 275 144 7 0 483 34 26 292 376 3 764 56 33 47 0 4
1612101497 2795 932 277 117 275 144 7 0 483 34 26 292 376 3 764 56 33 47 0 4
1612101842 2797 932 277 117 275 144 7 0 483 34 26 292 376 3 764 56 33 47 0 4
1612104513 2808 932 277 117 275 144 7 0 483 34 26 292 376 3 764 56 33 47 0 4
1612104576 2808 932 277 117 275 144 7 0 494 34 26 292 376 3 764 56 33 47 0 4
1612104607 2808 932 277 117 275 144 7 0 494 34 26 292 376 3 764 56 33 47 0 4
1612109682 2808 932 277 117 275 144 7 0 559 34 26 292 376 3 764 56 33 47 0 4
1612114402 2808 932 305 117 275 144 7 0 565 34 26 292 376 3 764 56 33 47 0 4
1612115643 2808 932 305 117 275 144 7 0 565 34 26 292 376 3 764 56 33 47 0 4
1612132304 2808 934 305 117 275 144 7 0 565 34 26 292 376 3 764 56 33 47 0 4
1612161246 2808 935 305 117 275 144 7 0 565 34 26 292 376 3 764 56 33 47 0 4
1612168817 2808 935 305 117 275 144 7 0 565 34 26 292 376 3 764 56 33 47 0 4
1612168966 2810 935 305 117 275 144 7 0 565 34 26 292 376 3 764 56 33 47 0 4
1612173307 2810 935 306 117 275 144 7 0 565 34 26 292 376 3 764 56 33 47 0 4
1612174602 2810 935 308 117 275 144 7 0 565 34 26 292 376 3 764 56 33 47 0 4
1612175054 2810 935 308 117 275 144 7 0 565 34 26 292 376 6 764 56 33 47 0 4
1612175297 2810 935 308 117 275 144 7 0 565 34 26 292 376 6 764 56 33 47 0 12
1612293047 2810 937 308 117 275 144 7 0 565 34 26 292 376 6 764 56 33 47 0 12
1612293336 2810 949 308 117 275 144 7 0 565 34 26 292 376 6 764 56 33 47 0 12
1612330589 2810 949 308 117 275 144 7 0 565 34 26 292 376 6 764 56 33 47 0 12
1612344902 2810 949 316 117 275 144 7 0 565 34 26 292 376 6 764 56 33 47 0 12
1612346000 2812 949 316 117 275 144 7 0 565 34 26 292 376 6 764 56 33 47 0 12
1612346017 2832 949 316 117 275 144 7 0 565 34 26 292 376 6 764 56 33 47 0 12
1612349351 2838 949 316 117 275 144 7 0 565 34 26 292 376 6 764 56 33 47 0 12
1612349681 2845 949 316 117 275 144 7 0 565 34 26 292 376 6 764 56 33 47 0 12
1612349751 2846 949 316 117 275 144 7 0 565 34 26 292 376 6 764 56 33 47 0 12
1612350069 2853 949 316 117 275 144 7 0 565 34 26 292 376 6 764 56 33 47 0 12
1612360497 2855 949 316 117 275 144 7 0 565 34 26 292 376 6 764 56 33 47 0 12
1612373392 2884 949 316 117 275 144 7 0 565 34 26 292 376 6 764 56 33 47 0 12
1612373875 2885 949 316 117 275 144 7 0 565 34 26 292 376 6 764 56 33 47 0 12
1612373942 2886 949 316 117 275 144 7 0 565 34 26 292 376 6 764 56 33 47 0 12
1612377432 2888 949 316 117 275 144 7 0 565 34 26 292 376 6 764 56 33 47 0 12
1612470278 2888 949 316 117 275 144 7 0 565 34 26 292 376 6 764 56 52 47 0 12
1612560121 2888 965 316 117 275 144 7 0 565 34 26 292 376 6 764 56 52 47 0 12
1612605778 2930 965 316 117 275 144 7 0 565 34 26 292 376 6 764 56 52 47 0 12
1612606272 2932 965 316 117 275 144 7 0 565 34 26 292 376 6 764 56 52 47 0 12
1612608013 2933 965 316 117 275 144 7 0 565 34 26 292 376 6 764 56 52 47 0 12
1612608375 2934 965 316 117 275 144 7 0 565 34 26 292 376 6 764 56 52 47 0 12
1612647285 2934 965 316 117 275 151 7 0 565 34 26 292 376 6 764 56 52 47 0 12
1612647479 2934 965 316 117 275 153 7 0 565 34 26 292 376 6 764 56 52 47 0 12
1612648939 2934 1018 316 117 275 153 7 0 565 34 26 292 376 6 764 56 52 47 0 12
1612649192 2934 1018 316 117 275 153 7 0 565 34 26 292 376 6 764 56 52 47 0 12
1612649425 2934 1018 316 117 275 160 7 0 565 34 26 292 376 6 764 56 52 47 0 12
1612649586 2934 1018 316 117 275 161 7 0 565 34 26 292 376 6 764 56 52 47 0 12
1612681089 2934 1032 316 117 275 161 7 0 565 34 26 292 376 6 764 56 52 47 0 12
1612681290 2934 1033 316 117 275 161 7 0 565 34 26 292 376 6 764 56 52 47 0 12
1612682798 2934 1034 316 117 275 161 7 0 565 34 26 292 376 6 764 56 52 47 0 12
1612682868 2934 1039 316 117 275 161 7 0 565 34 26 292 376 6 764 56 52 47 0 12
1612683026 2934 1040 316 117 275 161 7 0 565 34 26 292 376 6 764 56 52 47 0 12
1612683607 2934 1041 316 117 275 161 7 0 565 34 26 292 376 6 764 56 52 47 0 12
1612688250 2934 1042 316 117 275 161 7 0 565 34 26 292 376 6 764 56 52 47 0 12
1612714656 2934 1044 316 117 275 161 7 0 565 34 26 292 376 6 764 56 52 47 0 12
1612714681 2934 1044 316 117 275 161 7 0 565 34 26 292 376 6 764 56 52 47 0 12
1612716773 2934 1044 316 117 275 163 7 0 565 34 26 292 376 6 764 56 52 47 0 12
1612716853 2934 1044 316 117 275 165 7 0 565 34 26 292 376 6 764 56 52 47 0 12
1612734667 2934 1056 316 117 275 165 7 0 565 34 26 292 376 6 764 56 52 47 0 12
1612775848 2934 1162 316 117 275 165 7 0 565 34 26 292 376 6 764 56 52 47 0 12
1612776876 2934 1164 316 117 275 165 7 0 565 34 26 292 376 6 764 56 52 47 0 12
1612798511 3227 1164 316 117 275 165 7 0 565 34 26 292 376 6 764 56 52 47 0 12
1612805115 3227 1165 316 117 275 165 7 0 565 34 26 292 376 6 764 56 52 47 0 12
1612805181 3227 1168 316 117 275 165 7 0 565 34 26 292 376 6 764 56 52 47 0 12
1612807587 3231 1169 316 117 275 165 7 0 565 34 26 292 376 6 764 56 52 47 0 12
1612809041 3231 1169 316 117 275 165 7 0 565 34 26 292 376 6 764 56 52 47 0 12
1612809955 3256 1169 316 117 275 165 7 0 565 34 26 292 376 6 764 56 52 47 0 12
1612809958 3256 1169 316 117 275 165 7 0 565 34 26 292 376 6 764 56 52 47 0 12
1612962800 6450 1169 316 117 275 165 7 0 565 34 26 292 376 6 764 56 52 47 0 12
1612964966 6485 1169 316 117 275 165 7 0 565 34 26 292 376 6 764 56 52 47 0 12
1612966694 6485 1169 316 117 275 166 7 0 565 34 26 292 376 6 764 56 52 47 0 12
1612966740 6485 1169 316 117 275 167 7 0 565 34 26 292 376 6 764 56 52 47 0 12
1612967239 6485 1169 316 117 275 168 7 0 565 34 26 292 376 6 764 56 52 47 0 12
1612967275 6485 1169 316 117 275 169 7 0 565 34 26 292 376 6 764 56 52 47 0 12
1612968249 6491 1169 316 117 275 169 7 0 565 34 26 292 376 6 764 56 52 47 0 12
1612970820 6491 1203 316 117 275 169 7 0 565 34 26 292 376 6 764 56 52 47 0 12
1612974633 6491 1203 316 117 275 169 7 0 565 34 26 292 376 6 764 56 52 47 0 12
1612975109 6491 1205 316 117 275 169 7 0 565 34 26 292 376 6 764 56 52 47 0 12
1612977916 6491 1205 316 117 275 169 7 0 575 34 26 292 376 6 764 56 52 47 0 12
1612979366 6491 1215 316 117 275 169 7 0 575 34 26 292 376 6 764 56 52 47 0 12
1612979383 6491 1215 316 117 275 169 7 0 575 34 26 292 376 6 764 56 52 47 0 12
1612990057 6491 1216 316 117 275 169 7 0 575 34 26 292 376 6 764 56 52 47 0 12
1612995977 6491 1216 316 117 275 178 7 0 575 34 26 292 376 6 764 56 52 47 0 12
1612996088 6491 1216 316 117 275 179 7 0 575 34 26 292 376 6 764 56 52 47 0 12
1612996123 6491 1216 316 117 275 180 7 0 575 34 26 292 376 6 764 56 52 47 0 12
1613026161 6491 1217 316 117 275 180 7 0 575 34 26 292 376 6 764 56 52 47 0 12
1613028217 6491 1219 316 117 275 180 7 0 575 34 26 292 376 6 764 56 52 47 0 12
1613028663 6491 1219 316 117 275 180 7 0 575 34 26 292 376 6 764 56 52 47 0 12
1613047617 6505 1219 316 117 275 180 7 0 575 34 26 292 376 6 764 56 52 47 0 12
1613048582 6505 1220 316 117 275 180 7 0 575 34 26 292 376 6 764 56 52 47 0 12
1613053219 6505 1220 316 117 275 180 7 0 575 34 26 292 376 6 764 56 52 47 0 12
1613053223 6505 1221 316 117 275 180 7 0 575 34 26 292 376 6 764 56 52 47 0 12
1613081451 6505 1221 316 117 275 180 7 0 575 34 26 292 377 6 764 56 52 47 0 12
1613108612 6505 1221 316 117 275 180 7 0 575 34 26 292 377 6 764 56 52 47 0 12
1613108616 6505 1222 316 117 275 180 7 0 575 34 26 292 377 6 764 56 52 47 0 12
1613131028 6505 1223 316 117 275 180 7 0 575 34 26 292 377 6 764 56 52 47 0 12
1613145025 6505 1223 317 117 275 180 7 0 575 34 26 292 377 6 764 56 52 47 0 12
1613147253 6505 1223 317 117 275 180 7 0 575 34 26 292 377 6 764 56 52 47 0 12
1613147307 6505 1224 317 117 275 180 7 0 575 34 26 292 377 6 764 56 52 47 0 12
1613147585 6505 1225 317 117 275 180 7 0 575 34 26 292 377 6 764 56 52 47 0 12
1613150022 6509 1225 317 117 275 180 7 0 575 34 26 292 377 6 764 56 52 47 0 12
1613150524 6537 1225 317 117 275 180 7 0 575 34 26 292 377 6 764 56 52 47 0 12
1613153595 6603 1225 317 117 275 180 7 0 575 34 26 292 377 6 764 56 52 47 0 12
1613158291 6603 1225 317 117 348 180 7 0 575 34 26 292 377 6 764 56 52 47 0 12
1613167912 6851 1225 317 117 348 180 7 0 575 34 26 292 377 6 764 56 52 47 0 12
1613168406 6852 1225 317 117 348 180 7 0 575 34 26 292 377 6 764 56 52 47 0 12
1613171840 6852 1226 317 117 348 180 7 0 575 34 26 292 377 6 764 56 52 47 0 12
1613171846 6852 1226 317 117 348 180 7 0 575 34 26 292 377 6 764 56 52 47 0 12
1613174948 6852 1226 317 117 348 180 7 0 575 34 26 292 377 6 764 56 52 47 0 12
1613197496 6857 1226 317 117 348 180 7 0 575 34 26 292 377 6 764 56 52 47 0 12
1613197994 6858 1226 317 117 348 180 7 0 575 34 26 292 377 6 764 56 52 47 0 12
1613217559 6870 1226 317 117 348 180 7 0 575 34 26 292 377 6 764 56 52 47 0 12
1613226666 6870 1226 317 117 348 180 7 0 575 34 26 292 377 6 764 56 52 47 8 12
1613291617 6872 1226 317 117 348 180 7 0 575 34 26 292 377 6 764 56 52 47 8 12
1613293461 6883 1226 317 117 348 180 12 0 575 34 26 292 377 6 764 56 52 47 8 12
1613296345 6883 1229 317 117 348 180 12 0 575 34 26 292 377 6 764 56 52 47 8 12
1613299011 6883 1250 317 117 348 180 12 0 575 34 26 292 377 6 764 56 52 47 8 12
1613299633 6883 1252 317 117 348 180 12 0 575 34 26 292 377 6 764 56 52 47 8 12
1613299736 6901 1252 317 117 348 180 12 0 575 34 26 292 377 6 764 56 52 47 8 12
1613299740 6901 1252 317 117 348 180 12 0 575 34 26 292 377 6 764 56 52 47 8 12
1613305799 6926 1252 317 117 348 180 12 0 575 34 26 292 377 6 764 56 52 47 8 12
1613315169 6927 1252 317 117 348 180 12 0 575 34 26 292 377 6 764 56 52 47 8 12
1613326345 6928 1252 317 117 348 180 12 0 575 34 26 292 377 6 764 56 52 47 8 12
1613372424 6928 1254 317 117 348 180 12 0 575 34 26 292 377 6 764 56 52 47 8 12
1613374768 6928 1259 317 117 348 180 12 0 575 34 26 292 377 6 764 56 52 47 8 12
1613385844 6928 1260 317 117 348 180 12 0 575 34 26 292 377 6 764 56 52 47 8 12
1613385847 6928 1260 317 123 348 180 12 0 575 34 26 292 377 6 764 56 52 47 8 12
1613386918 6928 1260 317 164 348 180 12 0 575 34 26 292 377 6 764 56 52 47 8 12
1613388217 6928 1260 317 231 348 180 12 0 575 34 26 292 377 6 764 56 52 47 8 12
1613459107 6928 1261 317 231 348 180 12 0 575 34 26 292 377 6 764 56 52 47 8 12
1613459825 6928 1261 318 231 348 180 12 0 575 34 26 292 377 6 764 56 52 47 8 12
1613459858 6928 1261 320 231 348 180 12 0 575 34 26 292 377 6 764 56 52 47 8 12
1613459912 6928 1261 321 231 348 180 12 0 575 34 26 292 377 6 764 56 52 47 8 12
1613489631 6928 1261 321 231 348 180 12 0 575 34 26 292 377 6 764 56 52 47 8 12
1613496986 6928 1261 321 231 375 180 12 0 575 34 26 292 377 6 764 56 52 47 8 12
1613543944 6928 1261 322 231 375 180 12 0 575 34 26 292 377 6 764 56 52 47 8 12
1613652825 6938 1261 322 231 375 180 12 0 575 34 26 292 377 6 764 56 52 47 8 12
1613654979 6942 1261 322 231 375 180 12 0 575 34 26 292 377 6 764 56 52 47 8 12
1613720858 6944 1261 322 231 375 180 12 0 575 34 26 292 377 6 764 56 52 47 8 12
1613743203 6945 1261 322 231 375 180 12 0 575 34 26 292 377 6 764 56 52 47 8 12
1613759379 6945 1261 322 231 375 180 12 0 575 96 26 292 377 6 764 56 52 47 8 12
1613812404 7063 1261 322 231 375 180 12 0 575 96 26 292 377 6 764 56 52 47 8 12
1613813156 7073 1261 322 231 375 180 12 0 575 96 26 292 377 6 764 56 52 47 8 12
1613814189 7086 1261 322 231 375 180 12 0 575 96 26 292 377 6 764 56 52 47 8 12
1613814749 7119 1261 322 231 375 180 12 0 575 96 26 292 377 6 764 56 52 47 8 12
1613984079 7119 1261 322 240 375 180 12 0 575 96 26 292 377 6 764 56 52 47 8 12
1613984231 7120 1261 322 240 375 180 12 0 575 96 26 292 377 6 764 56 52 47 8 12
1613998451 7129 1261 322 240 375 180 12 0 575 96 26 292 377 6 764 56 52 47 8 12
1614024952 7129 1299 322 240 375 180 12 0 575 96 26 292 377 6 764 56 52 47 8 12
1614051400 7129 1299 323 240 375 180 12 0 575 96 26 292 377 6 764 56 52 47 8 12
1614165981 7129 1300 323 240 375 180 12 0 575 96 26 292 377 6 764 56 52 47 8 12
1614324409 7129 1300 323 240 375 180 12 0 575 96 26 793 377 6 764 56 52 47 8 12
1614325903 7129 1300 323 240 375 180 12 0 575 96 26 793 377 6 764 56 52 47 186 12
1614330370 7130 1300 323 240 375 180 12 0 575 96 26 793 377 6 764 56 52 47 186 12
1614330469 7131 1300 323 240 375 180 12 0 575 96 26 793 377 6 764 56 52 47 186 12
1614330644 7137 1300 323 240 375 180 12 0 575 96 26 793 377 6 764 56 52 47 186 12
1614330839 7138 1300 323 240 375 180 12 0 575 96 26 793 377 6 764 56 52 47 237 12
1614334185 7139 1300 323 240 375 180 12 0 575 96 26 793 377 6 764 56 52 47 237 12
1614334651 7141 1300 323 240 375 180 12 0 575 96 26 793 377 6 764 56 52 47 237 12
1614334654 7141 1300 323 240 375 180 12 0 575 96 26 793 377 6 764 56 52 47 237 12
1614348039 7146 1300 323 240 375 180 12 0 575 96 26 793 377 6 764 56 52 47 237 12
1614348288 7150 1300 323 240 375 180 12 0 575 96 26 793 377 6 764 56 52 47 237 12
1614357940 7159 1300 323 240 375 180 12 0 575 96 26 793 377 6 764 56 52 47 237 12
1614422280 7159 1300 323 240 375 180 12 0 575 96 26 793 377 6 764 56 63 47 237 12
1614505417 7159 1300 323 240 375 180 12 0 575 96 26 793 377 6 764 56 63 47 237 12
1614593669 7159 1300 323 256 375 180 12 0 575 96 26 793 377 6 764 56 63 47 237 12
1614606843 7160 1300 323 256 375 180 12 0 575 96 26 793 377 6 764 56 63 47 237 12
1614723628 7160 1300 323 256 388 180 12 0 575 96 26 793 377 6 764 56 63 47 237 12
1614775411 7160 1300 323 256 388 180 12 0 575 96 26 796 377 6 764 56 63 47 237 12
1614837356 7160 1300 358 256 388 180 12 0 575 96 26 796 377 6 764 56 63 47 237 12
1614855714 7161 1300 358 256 388 180 12 0 575 96 26 796 377 6 764 56 63 47 237 12
1614855978 7162 1300 358 256 388 180 12 0 575 96 26 796 377 6 764 56 63 47 237 12
1614857841 7162 1300 358 256 388 180 12 0 575 96 26 796 377 6 764 56 63 47 237 12
1614857875 7162 1301 358 256 388 180 12 0 575 96 26 796 377 6 764 56 63 47 237 12
1614857893 7162 1301 358 256 388 180 12 0 575 96 26 796 377 6 764 56 63 47 237 12
1614857955 7162 1301 358 256 388 180 12 0 575 96 26 796 377 6 764 56 63 47 237 12
1614929438 7162 1301 362 256 388 180 12 0 575 96 26 796 377 6 764 56 63 47 237 12
1614934927 7162 1301 363 256 388 180 12 0 575 96 26 796 377 6 764 56 63 47 237 12
1615034546 7162 1301 363 256 388 180 12 0 575 96 26 796 377 233 764 56 63 47 237 12
1615036344 7162 1301 363 256 388 180 12 0 575 96 26 796 377 240 764 56 63 47 237 12
1615112813 7162 1301 363 256 388 180 12 0 575 96 26 796 377 240 764 56 64 47 237 12
1615113392 7171 1301 363 256 388 180 12 0 575 96 26 796 377 240 764 56 64 47 237 12
1615113663 7172 1301 363 256 388 180 12 0 575 96 26 796 377 240 764 56 64 47 237 12
1615225695 7172 1301 363 256 397 180 12 0 575 96 26 796 377 240 764 56 64 47 237 12
1615273505 7172 1301 363 256 397 180 14 0 575 96 26 796 377 240 764 56 64 47 237 12
1615274428 7172 1301 363 256 397 180 17 0 575 96 26 796 377 240 764 56 64 47 237 12
1615637635 7176 1301 363 256 397 180 17 0 575 96 26 796 377 240 764 56 64 47 237 12
1615639246 7187 1301 363 256 397 180 17 0 575 96 26 796 377 240 764 56 64 47 237 12
1615639376 7188 1301 363 256 397 180 17 0 575 96 26 796 377 240 764 56 64 47 237 12
1615643916 7189 1301 363 256 397 180 17 0 575 96 26 796 377 240 764 56 64 47 237 12
1615716067 7190 1301 363 256 397 180 17 0 575 96 26 796 377 240 764 56 64 47 237 12
1616057784 7190 1301 363 260 397 180 17 0 575 96 26 796 377 240 764 56 64 47 237 12
1616235977 7190 1307 363 260 397 180 17 0 575 96 26 796 377 240 764 56 64 47 237 12
1616306245 7190 1350 363 260 397 180 17 0 575 96 26 796 377 240 764 56 64 47 237 12
1616308991 7190 1352 363 260 397 180 17 0 575 96 26 796 377 240 764 56 64 47 237 12
1616309081 7190 1356 363 260 397 180 17 0 575 96 26 796 377 240 764 56 64 47 237 12
1616309813 7190 1356 363 260 397 180 33 0 575 96 26 796 377 240 764 56 64 47 237 12
1616310842 7200 1356 363 260 397 180 33 0 575 96 26 796 377 240 764 56 64 47 237 12
1616311026 7200 1356 363 260 397 180 33 0 575 96 26 796 377 240 764 56 64 47 237 12
1616311606 7200 1356 363 260 397 180 33 0 575 96 26 796 377 240 764 56 64 47 237 12
1616312064 7200 1356 363 260 397 180 40 0 575 96 26 796 377 240 764 56 64 47 237 12
1616415622 7208 1356 363 260 397 180 40 0 575 96 26 796 377 240 764 56 64 47 237 12
1616489960 7210 1356 363 260 397 180 40 0 575 96 26 796 377 240 764 56 64 47 237 12
1616490088 7213 1356 363 260 397 180 40 0 575 96 26 796 377 240 764 56 64 47 237 12
1616492517 7227 1356 363 260 397 180 40 0 575 96 26 796 377 240 764 56 64 47 237 12
1616680633 7227 1356 363 260 404 180 40 0 575 96 26 796 377 240 764 56 64 47 237 12
1616746556 7227 1356 363 260 404 180 40 0 575 100 26 796 377 240 764 56 64 47 237 12
1616773912 7233 1356 363 260 404 180 40 0 575 100 26 796 377 240 764 56 64 47 237 12
1616775327 7242 1356 363 260 404 180 40 0 575 100 26 796 377 240 764 56 64 47 237 12
1616826532 7242 1356 363 260 404 180 40 0 575 100 26 796 377 240 764 56 64 47 237 12
1616826761 7242 1356 363 260 404 180 40 0 575 100 26 798 377 240 764 56 64 47 237 12
1616826797 7253 1356 363 260 404 180 40 0 575 100 26 798 377 240 764 56 64 47 237 12
1616827065 7253 1356 363 260 404 180 40 0 575 100 26 798 377 240 764 56 64 47 237 12
1616827267 7258 1356 363 260 404 180 40 0 575 100 26 798 377 240 764 56 64 47 237 12
1616828036 7258 1356 458 260 404 180 40 0 575 100 26 798 377 240 764 56 64 47 237 12
1616833192 7259 1356 458 260 404 180 40 0 575 100 26 798 377 240 764 56 64 47 237 12
1616833310 7261 1356 458 260 404 180 40 0 575 100 26 798 377 240 764 56 64 47 237 12
1616833627 7263 1356 458 260 404 180 40 0 575 100 26 798 377 240 764 56 64 47 237 12
1616954311 7263 1356 458 260 404 180 40 0 850 100 26 798 377 240 764 56 64 47 237 12
1616999248 7265 1356 458 260 404 180 40 0 850 100 26 798 377 240 764 56 64 47 237 12
1616999830 7274 1356 458 260 404 180 40 0 850 100 26 798 377 240 764 56 64 47 237 12
1617004571 7274 1356 482 260 404 180 40 0 850 100 26 798 377 240 764 56 64 47 237 12
1617014774 7275 1356 482 260 404 180 40 0 850 100 26 798 377 240 764 56 64 47 237 12
1617020697 7275 1356 482 260 404 180 40 0 872 100 26 798 377 240 764 56 64 47 237 12
1617225034 7285 1356 482 260 404 180 40 0 872 100 26 798 377 240 764 56 64 47 237 12
1617225061 7286 1356 482 260 404 180 40 0 872 100 26 798 377 240 764 56 64 47 237 12
1617264670 7296 1356 482 260 404 180 40 0 872 100 26 798 377 240 764 56 64 47 237 12
1617265558 7298 1356 482 260 404 180 40 0 872 100 26 798 377 240 764 56 64 47 237 12
1617266674 7299 1356 482 260 404 180 40 0 872 100 26 798 377 240 764 56 64 47 237 12
1617338823 7302 1356 482 260 404 180 40 0 872 100 26 798 377 240 764 56 64 47 237 12
1617374902 7302 1356 482 260 404 180 40 1 872 100 26 798 377 240 764 56 64 47 237 12
1617393319 7302 1356 482 260 404 180 40 3 872 100 26 798 377 240 764 56 64 47 237 12
1617465728 7302 1356 482 260 404 180 40 6 872 100 26 798 377 240 764 56 64 47 237 12
1617473815 7302 1356 482 260 404 180 40 7 872 100 26 798 377 240 764 56 64 47 237 12
1617486109 7302 1356 482 260 404 180 40 48 872 100 26 798 377 240 764 56 64 47 237 12
1617551513 7302 1356 482 260 404 180 40 114 872 100 26 798 377 240 764 56 64 47 237 12
1617754005 7302 1356 482 260 418 180 40 114 872 100 26 798 377 240 764 56 64 47 237 12
1618035004 7305 1356 482 260 418 180 40 114 872 100 26 798 377 240 764 56 64 47 237 12
1618040309 7366 1356 482 260 418 180 40 114 872 100 26 798 377 240 764 56 64 47 237 12
1618047784 7381 1356 482 260 418 180 40 114 872 100 26 798 377 240 764 56 64 47 237 12
1618071956 7381 1356 482 260 418 180 40 118 872 100 26 798 377 240 764 56 64 47 237 12
1618131953 7381 1356 486 260 418 180 40 118 872 100 26 798 377 240 764 56 64 47 237 12
1618209375 7381 1356 486 260 418 180 40 118 872 100 26 798 377 240 764 56 64 47 237 12
1618209745 7393 1356 486 260 418 180 40 118 872 100 26 798 377 240 764 56 64 47 237 12
1618212349 7399 1356 486 260 418 180 40 118 872 100 26 798 377 240 764 56 64 47 237 12
1618215967 7403 1356 486 260 418 180 40 118 872 100 26 798 377 240 764 56 64 47 237 12
1618216144 7406 1356 486 260 418 180 40 118 872 100 26 798 377 240 764 56 64 47 237 12
1618406614 7406 1356 486 297 418 180 40 118 872 100 26 798 377 240 764 56 64 47 237 12
1618513389 7406 1356 486 297 418 180 40 120 872 100 26 798 377 240 764 56 64 47 237 12
1618563993 7412 1356 486 297 418 180 40 120 872 100 26 798 377 240 764 56 64 47 237 12
1618830994 7423 1356 486 297 418 180 40 120 872 100 26 798 377 240 764 56 64 47 237 12
1619173407 7437 1356 486 297 418 180 40 120 872 100 26 798 377 240 764 56 64 47 237 12
1619257864 7447 1356 486 297 418 180 40 120 872 100 26 798 377 240 764 56 64 47 237 12
1619274301 7447 1358 486 297 418 180 40 120 872 100 26 798 377 240 764 56 64 47 237 12
1619275908 7447 1358 489 297 418 180 40 120 872 100 26 798 377 240 764 56 64 47 237 12
1619276244 7447 1358 491 297 418 180 40 120 872 100 26 798 377 240 764 56 64 47 237 12
1619286297 7447 1358 491 297 418 180 40 121 872 100 26 798 377 240 764 56 64 47 237 12
1619464951 7450 1358 491 297 418 180 40 121 872 100 26 798 377 240 764 56 64 47 237 12
1619465518 7452 1358 491 297 418 180 40 121 872 100 26 798 377 240 764 56 64 47 237 12
1619608480 7452 1358 491 311 418 180 40 121 872 100 26 798 377 240 764 56 64 47 237 12
1619638510 7452 1358 491 311 418 180 40 171 872 100 26 798 377 240 764 56 64 47 237 12
1619711333 7452 1358 491 311 426 180 40 171 872 100 26 798 377 240 764 56 64 47 237 12
1619805577 7458 1358 491 311 426 180 40 171 872 100 26 798 377 240 764 56 64 47 237 12
1619858837 7458 1358 493 311 426 180 40 171 872 100 26 798 377 240 764 56 64 47 237 12
1619859027 7458 1358 495 311 426 180 40 171 872 100 26 798 377 240 764 56 64 47 237 12
1620057992 7458 1358 495 311 449 180 40 171 872 100 26 798 377 240 764 56 64 47 237 12
1620287371 7458 1359 495 311 449 180 40 171 872 100 26 798 377 240 764 56 64 47 237 12
1620289439 7462 1359 495 311 449 180 40 171 872 100 26 798 377 240 764 56 64 47 237 12
1620631628 7624 1359 495 311 449 180 40 171 872 100 26 798 377 240 764 56 64 47 237 12
1620679980 7693 1359 495 311 449 180 40 171 872 100 26 798 377 240 764 56 64 47 237 12
1620709525 7719 1359 495 311 449 180 40 171 872 100 26 798 377 240 764 56 64 47 237 12
1620713986 7730 1359 495 311 449 180 40 171 872 100 26 798 377 240 764 56 64 47 237 12
1620738371 7736 1359 495 311 449 180 40 171 872 100 26 798 377 240 764 56 64 47 237 12
1620744883 7775 1359 495 311 449 180 40 171 872 100 26 798 377 240 764 56 64 47 237 12
1620747744 7781 1359 495 311 449 180 40 171 872 100 26 798 377 240 764 56 64 47 237 12
1620748841 7781 1359 495 311 449 180 40 171 872 100 26 798 377 240 764 56 64 47 237 12
1620748858 7796 1359 495 311 449 180 40 171 872 100 26 798 377 240 764 56 64 47 237 12
1620749563 7944 1359 495 311 449 180 40 171 872 100 26 798 377 240 764 56 64 47 237 12
1620814146 7944 1359 495 311 449 180 40 171 872 100 26 798 377 240 764 56 64 47 237 12
1620815349 8048 1359 495 311 449 180 40 171 872 100 26 798 377 240 764 56 64 47 237 12
1620903245 8048 1359 495 327 449 180 40 171 872 100 26 798 377 240 764 56 64 47 237 12
1621072179 8048 1359 495 327 449 180 40 187 872 100 26 798 377 240 764 56 64 47 237 12
1621184503 8048 1359 495 327 464 180 40 187 872 100 26 798 377 240 764 56 64 47 237 12
1621233086 8054 1359 495 327 464 180 40 187 872 100 26 798 377 240 764 56 64 47 237 12
1621234519 8082 1359 495 327 464 180 40 187 872 100 26 798 377 240 764 56 64 47 237 12
1621514407 8092 1359 495 327 464 180 40 187 872 100 26 798 377 240 764 56 64 47 237 12
1621515677 8122 1359 495 327 464 180 40 187 872 100 26 798 377 240 764 56 64 47 237 12
1621516215 8133 1359 495 327 464 180 40 187 872 100 26 798 377 240 764 56 64 47 237 12
1621520460 8134 1359 495 327 464 180 40 187 872 100 26 798 377 240 764 56 64 47 237 12
1621594037 8134 1359 495 327 464 180 51 187 872 100 26 798 377 240 764 56 64 47 237 12
1621594361 8134 1359 495 327 464 180 53 187 872 100 26 798 377 240 764 56 64 47 237 12
1621596316 8134 1359 495 327 464 180 56 187 872 100 26 798 377 240 764 56 64 47 237 12
1621597126 8134 1359 495 327 464 180 61 187 872 100 26 798 377 240 764 56 64 47 237 12
1621672809 8142 1359 495 327 464 180 61 187 872 100 26 798 377 240 764 56 64 47 237 12
1621673212 8151 1359 495 327 464 180 61 187 872 100 26 798 377 240 764 56 64 47 237 12
1621973049 8151 1359 495 327 464 180 61 187 872 107 26 798 377 240 764 56 64 47 237 12
1622019600 8151 1364 495 327 464 180 61 187 872 107 26 798 377 240 764 56 64 47 237 12
1622021796 8151 1364 495 327 464 180 61 187 872 107 26 798 377 243 764 56 64 47 237 12
1622021816 8151 1364 495 327 464 180 61 187 872 107 26 798 377 248 764 56 64 47 237 12
1622022966 8151 1364 495 327 464 180 61 187 872 107 26 798 377 253 764 56 64 47 237 12
1622138248 8151 1364 495 327 464 180 61 187 872 107 26 800 377 253 764 56 64 47 237 12
1622533938 8165 1364 495 327 464 180 61 187 872 107 26 800 377 253 764 56 64 47 237 12
1623047165 8177 1364 495 327 464 180 61 187 872 107 26 800 377 253 764 56 64 47 237 12
1623128545 8213 1364 495 327 464 180 61 187 872 107 26 800 377 253 764 56 64 47 237 12
1623147681 8232 1364 495 327 464 180 61 187 872 107 26 800 377 253 764 56 64 47 237 12
1623176640 8233 1364 495 327 464 180 61 187 872 107 26 800 377 253 764 56 64 47 237 12
1623177106 8242 1364 495 327 464 180 61 187 872 107 26 800 377 253 764 56 64 47 237 12
1623247739 8242 1364 495 327 464 180 63 187 872 107 26 800 377 253 764 56 64 47 237 12
1623271624 8267 1364 495 327 464 180 63 187 872 107 26 800 377 253 764 56 64 47 237 12
1623272553 8271 1364 495 327 464 180 63 187 872 107 26 800 377 253 764 56 64 47 237 12
1623299383 8279 1364 495 327 464 180 63 187 872 107 26 800 377 253 764 56 64 47 237 12
1623299537 8280 1364 495 327 464 180 63 187 872 107 26 800 377 253 764 56 64 47 237 12
1623314052 8334 1364 495 327 464 180 63 187 872 107 26 800 377 253 764 56 64 47 237 12
1623314445 8334 1364 495 327 464 180 63 187 872 107 26 800 377 253 764 56 64 47 237 12
1623331583 8334 1364 495 327 490 180 63 187 872 107 26 800 377 253 764 56 64 47 237 12
1623390832 8407 1364 495 327 490 180 63 187 872 107 26 800 377 253 764 56 64 47 237 12
1623390836 8407 1364 495 327 490 180 63 187 872 107 26 800 377 253 764 56 64 47 237 12
1623394238 8492 1364 495 327 490 180 63 187 872 107 26 800 377 253 764 56 64 47 237 12
1623394621 8500 1364 495 327 490 180 63 187 872 107 26 800 377 253 764 56 64 47 237 12
1623398320 8501 1364 495 327 490 180 63 187 872 107 26 800 377 253 764 56 64 47 237 12
1623483446 8506 1364 495 327 490 180 63 187 872 107 26 800 377 253 764 56 64 47 237 12
1623510359 8516 1364 495 327 490 180 63 187 872 107 26 800 377 253 764 56 64 47 237 12
1623512160 8535 1364 495 327 543 180 63 187 872 107 26 800 377 253 764 56 64 47 237 12
1623515849 8535 1364 495 327 567 180 63 187 872 107 26 800 377 253 764 56 64 47 237 12
1623561848 8544 1364 495 327 567 180 63 187 872 107 26 800 377 253 764 56 64 47 237 12
1623561952 8550 1364 495 327 567 180 63 187 872 107 26 800 377 253 764 56 64 47 237 12
1623566605 8550 1364 495 327 567 180 63 187 872 111 26 800 377 253 764 56 64 47 237 12
1623570899 8565 1364 495 327 567 180 63 187 872 111 26 800 377 253 764 56 64 47 237 12
1623571316 8567 1364 495 327 567 180 63 187 872 111 26 800 377 253 764 56 64 47 237 12
1623734054 8576 1364 495 327 567 180 63 187 872 111 26 800 377 253 764 56 64 47 237 12
1623734100 8587 1364 495 327 567 180 63 187 872 111 26 800 377 253 764 56 64 47 237 12
1623734231 8665 1364 495 327 567 180 63 187 872 111 26 800 377 253 764 56 64 47 237 12
1623742413 8673 1364 495 327 567 180 63 187 872 111 26 800 377 253 764 56 64 47 237 12
1623743073 8678 1364 495 327 567 180 63 187 872 111 26 800 377 253 764 56 64 47 237 12
1623743877 8744 1364 495 327 567 180 63 187 872 111 26 800 377 253 764 56 64 47 237 12
1623746690 8752 1364 495 327 567 180 63 187 872 111 26 800 377 253 764 56 64 47 237 12
1623843387 8753 1364 495 327 567 180 63 187 872 111 26 800 377 253 764 56 64 47 237 12
1623843419 8771 1364 495 327 567 180 63 187 872 111 26 800 377 253 764 56 64 47 237 12
1623846414 8773 1364 495 327 567 180 63 187 872 111 26 800 377 253 764 56 64 47 237 12
1624096345 8818 1364 495 327 567 180 63 187 872 111 26 800 377 253 764 56 64 47 237 12
1624097805 8821 1364 495 327 567 180 63 187 872 111 26 800 377 253 764 56 64 47 237 12
1624097845 8823 1364 495 327 567 180 63 187 872 111 26 800 377 253 764 56 64 47 237 12
1624098527 8824 1364 495 327 567 180 63 187 872 111 26 800 377 253 764 56 64 47 237 12
1624254500 8828 1364 495 327 567 180 63 187 872 111 26 800 377 253 764 56 64 47 237 12
1624255404 8829 1364 495 327 567 180 63 187 872 111 26 800 377 253 764 56 64 47 237 12
1624372529 8830 1364 495 327 567 180 63 187 872 111 26 800 377 253 764 56 64 47 237 12
1624555813 8830 1364 496 327 567 180 63 187 872 111 26 800 377 253 764 56 64 47 237 12
1624792043 8838 1364 496 327 567 180 63 187 872 111 26 800 377 253 764 56 64 47 237 12
1624808011 8838 1364 496 327 572 180 63 187 872 111 26 800 377 253 764 56 64 47 237 12
1624808211 8838 1364 496 327 576 180 63 187 872 111 26 800 377 253 764 56 64 47 237 12
1624885269 9066 1364 496 327 576 180 63 187 872 111 26 800 377 253 764 56 64 47 237 12
1624886258 9066 1365 496 327 576 180 63 187 872 111 26 800 377 253 764 56 64 47 237 12
1624889465 9069 1365 496 327 576 180 63 187 872 111 26 800 377 253 764 56 64 47 237 12
1624895498 9069 1365 496 327 582 180 63 187 872 111 26 800 377 253 764 56 64 47 237 12
1624944345 9071 1365 496 327 582 180 63 187 872 111 26 800 377 253 764 56 64 47 237 12
1625294022 9158 1365 496 327 582 180 63 187 872 111 26 800 377 253 764 56 64 47 237 12
1625300425 9160 1365 496 327 582 180 63 187 872 111 26 800 377 253 764 56 64 47 237 12
1625480815 9178 1365 496 327 582 180 63 187 872 111 26 800 377 253 764 56 64 47 237 12
1625480872 9180 1365 496 327 582 180 63 187 872 111 26 800 377 253 764 56 64 47 237 12
1625652504 9180 1365 496 430 582 180 63 187 872 111 26 800 377 253 764 56 64 47 237 12
1625897569 9204 1365 496 430 582 180 63 187 872 111 26 800 377 253 764 56 64 47 237 12
1625897583 9206 1365 496 430 582 180 63 187 872 111 26 800 377 253 764 56 64 47 237 12
1625900719 9210 1365 496 430 582 180 63 187 872 111 26 800 377 253 764 56 64 47 237 12
1626338794 9229 1365 496 430 582 180 63 187 872 111 26 800 377 253 764 56 64 47 237 12
1627407722 9229 1365 496 430 582 180 63 187 872 111 26 810 377 253 764 56 64 47 237 12
1627578261 9229 1365 496 430 585 180 63 187 872 111 26 810 377 253 764 56 64 47 237 12
1627632283 9244 1365 496 430 585 180 63 187 872 111 26 810 377 253 764 56 64 47 237 12
1628196758 9249 1365 496 430 585 180 63 187 872 111 26 810 377 253 764 56 64 47 237 12
1628487107 9249 1365 496 430 585 180 63 187 872 111 26 826 377 253 764 56 64 47 237 12
1628665986 9249 1365 496 430 585 180 63 187 872 111 26 826 377 253 764 56 64 47 237 12
1628941439 9285 1365 496 430 585 180 63 187 872 111 26 826 377 253 764 56 64 47 237 12
1629026967 9326 1365 496 430 585 180 63 187 872 111 26 826 377 253 764 56 64 47 237 12
1629038727 9326 1365 496 430 585 180 63 187 872 111 26 826 377 253 764 56 64 47 237 12
1629038903 9386 1365 496 430 585 180 63 187 872 111 26 826 377 253 764 56 64 47 237 12
1629064042 9392 1365 496 430 585 180 63 187 872 111 26 826 377 253 764 56 64 47 237 12
1629368356 9954 1365 496 432 585 180 63 187 872 111 26 826 377 253 764 56 64 47 237 12
1629371304 9964 1365 496 432 585 180 63 187 872 111 26 826 377 253 764 56 64 47 237 12
1629451625 9964 1365 496 451 585 180 63 187 872 111 26 826 377 253 764 56 64 47 237 12
1629452765 9964 1365 497 451 585 180 63 187 872 111 26 826 377 253 764 56 64 47 237 12
1629710283 9965 1365 497 451 585 180 63 187 872 111 26 826 377 253 764 56 64 47 237 12
1629715492 9967 1365 497 451 585 180 63 187 872 111 26 826 377 253 764 56 64 47 237 12
1629790486 9972 1365 497 451 585 180 63 187 872 111 26 826 377 253 764 56 64 47 237 12
1629797200 9972 1365 497 452 585 180 63 187 872 111 26 826 377 253 764 56 64 47 237 12
1629892417 9975 1365 497 452 585 180 63 187 872 111 26 826 377 253 764 56 64 47 237 12
1629992751 9977 1365 497 452 585 180 63 187 872 111 26 826 377 253 764 56 64 47 237 12
1630395595 9994 1365 497 452 585 180 63 187 872 111 26 826 377 253 764 56 64 47 237 12
1630672619 9994 1365 497 456 585 180 63 187 872 111 26 826 377 253 764 56 64 47 237 12
1630873459 10004 1365 497 456 585 180 63 187 872 111 26 826 377 253 764 56 64 47 237 12
1630903274 10008 1365 497 456 585 180 63 187 872 111 26 826 377 253 764 56 64 47 237 12
1631037711 10022 1365 497 456 585 180 63 187 872 111 26 826 377 253 764 56 64 47 237 12
1631047339 10025 1365 497 456 585 180 63 187 872 111 26 826 377 253 764 56 64 47 237 12
1631125041 10025 1365 498 456 585 180 63 187 872 111 26 826 377 253 764 56 64 47 237 12
1631125193 10025 1365 500 456 585 180 63 187 872 111 26 826 377 253 764 56 64 47 237 12
1631166232 10045 1365 500 456 585 180 63 187 872 111 26 826 377 253 764 56 64 47 237 12
1631264174 10045 1365 500 467 585 180 63 187 872 111 26 826 377 253 764 56 64 47 237 12
1631686105 10054 1365 500 467 585 180 63 187 872 111 26 826 377 253 764 56 64 47 237 12
1631698314 10054 1365 500 471 585 180 63 187 872 111 26 826 377 253 764 56 64 47 237 12
1631733111 10097 1365 500 471 585 180 63 187 872 111 26 826 377 253 764 56 64 47 237 12
1631781933 10097 1365 500 472 585 180 63 187 872 111 26 826 377 253 764 56 64 47 237 12
1631784330 10097 1365 500 557 585 180 63 187 872 111 26 826 377 253 764 56 64 47 237 12
1631866435 10097 1365 500 559 585 180 63 187 872 111 26 826 377 253 764 56 64 47 237 12
1631942465 10114 1365 500 559 585 180 63 187 872 111 26 826 377 253 764 56 64 47 237 12
1631945362 10128 1365 500 559 585 180 63 187 872 111 26 826 377 253 764 56 64 47 237 12
1632078566 10131 1365 500 559 585 180 63 187 872 111 26 826 377 253 764 56 64 47 237 12
1632078709 10133 1365 500 559 585 180 63 187 872 111 26 826 377 253 764 56 64 47 237 12
1632079838 10188 1365 500 559 585 180 63 187 872 111 26 826 377 253 764 56 64 47 237 12
1632081136 10208 1365 500 559 585 180 63 187 872 111 26 826 377 253 764 56 64 47 237 12
1632081311 10210 1365 500 559 585 180 63 187 872 111 26 826 377 253 764 56 64 47 237 12
1632082720 10270 1365 500 559 585 180 63 187 872 111 26 826 377 253 764 56 64 47 237 12
1632083699 10284 1365 500 559 585 180 63 187 872 111 26 826 377 253 764 56 64 47 237 12
1632125671 10285 1365 500 559 585 180 63 187 872 111 26 826 377 253 764 56 64 47 237 12
1632129656 10286 1365 500 559 585 180 63 187 872 111 26 826 377 253 764 56 64 47 237 12
1632130099 10290 1365 500 559 585 180 63 187 872 111 26 826 377 253 764 56 64 47 237 12
1632171905 10292 1365 500 559 585 180 63 187 872 111 26 826 377 253 764 56 64 47 237 12
1632342874 10292 1365 500 559 619 180 63 187 872 111 26 826 377 253 764 56 64 47 237 12
1632459057 10293 1365 500 559 619 180 63 187 872 111 26 826 377 253 764 56 64 47 237 12
1632463671 10305 1365 500 559 619 180 63 187 872 111 26 826 377 253 764 56 64 47 237 12
1632733160 10305 1365 500 568 619 180 63 187 872 111 26 826 377 253 764 56 64 47 237 12
1633680372 10605 1365 500 568 619 180 63 187 872 111 26 826 377 253 764 56 64 47 237 12
1633681932 10608 1365 500 568 619 180 63 187 872 111 26 826 377 253 764 56 64 47 237 12
1633699415 10608 1365 500 573 619 180 63 187 872 111 26 826 377 253 764 56 64 47 237 12
1633699544 10608 1365 500 579 619 180 63 187 872 111 26 826 377 253 764 56 64 47 237 12
1633773873 10644 1365 500 579 619 180 63 187 872 111 26 826 377 253 764 56 64 47 237 12
1633774343 10653 1365 500 579 619 180 63 187 872 111 26 826 377 253 764 56 64 47 237 12
1633944476 10656 1365 500 579 619 180 63 187 872 111 26 826 377 253 764 56 64 47 237 12
1633973904 10666 1365 500 579 619 180 63 187 872 111 26 826 377 253 764 56 64 47 237 12
1634120648 10666 1365 500 588 619 180 63 187 872 111 26 826 377 253 764 56 64 47 237 12
1634331015 10666 1365 500 588 619 180 63 187 872 167 26 826 377 253 764 56 64 47 237 12
1634563071 10666 1365 500 594 619 180 63 187 872 167 26 826 377 253 764 56 64 47 237 12
1634577121 10683 1365 500 594 619 180 63 187 872 167 26 826 377 253 764 56 64 47 237 12
1634617097 10683 1365 500 594 619 180 63 187 872 167 26 826 377 253 764 56 64 47 237 12
1634893436 10689 1365 500 594 619 180 63 187 872 167 26 826 377 253 764 56 64 47 237 12
1634893449 10690 1365 500 594 619 180 63 187 872 167 26 826 377 253 764 56 64 47 237 12
1634899179 10712 1365 500 594 619 180 63 187 872 167 26 826 377 253 764 56 64 47 237 12
1634917199 10712 1365 1314 594 619 180 63 187 872 167 26 826 377 253 764 56 64 47 237 12
1634922111 10721 1365 1314 594 619 180 63 187 872 167 26 826 377 253 764 56 64 47 237 12
1634930516 10723 1365 1314 594 619 180 63 187 872 167 26 826 377 253 764 56 64 47 237 12
1635463391 10723 1365 1314 594 641 180 63 187 872 167 26 826 377 253 764 56 64 47 237 12
1635801865 10723 1365 1314 594 641 180 67 187 872 167 26 826 377 253 764 56 64 47 237 12
1636198932 10728 1365 1314 594 641 180 67 187 872 167 26 826 377 253 764 56 64 47 237 12
1636212425 10749 1365 1314 594 641 180 67 187 872 167 26 826 377 253 764 56 64 47 237 12
1636215728 10780 1365 1314 594 641 180 67 187 872 167 26 826 377 253 764 56 64 47 237 12
1636216206 10786 1365 1314 594 641 180 67 187 872 167 26 826 377 253 764 56 64 47 237 12
1636280106 10786 1365 1314 594 641 180 67 187 872 167 26 826 377 253 764 56 134 47 237 12
1636296813 10795 1365 1314 594 641 180 67 187 872 167 26 826 377 253 764 56 134 47 237 12
1636297925 10796 1365 1314 594 641 180 67 187 872 167 26 826 377 253 764 56 134 47 237 12
1636298498 10806 1365 1314 594 641 180 67 187 872 167 26 826 377 253 764 56 134 47 237 12
1636298682 10809 1365 1314 594 641 180 67 187 872 167 26 826 377 253 764 56 134 47 237 12
1636300906 10810 1365 1314 594 641 180 67 187 872 167 26 826 377 253 764 56 134 47 237 12
1636302460 10811 1365 1314 594 641 180 67 187 872 167 26 826 377 253 764 56 134 47 237 12
1636303649 10820 1365 1314 594 641 180 67 187 872 167 26 826 377 253 764 56 134 47 237 12
1636307927 10836 1365 1314 594 641 180 67 187 872 167 26 826 377 253 764 56 134 47 237 12
1636308731 10846 1365 1314 594 641 180 67 187 872 167 26 826 377 253 764 56 134 47 237 12
1636309616 10847 1365 1314 594 641 180 67 187 872 167 26 826 377 253 764 56 134 47 237 12
1636309937 10879 1365 1314 594 641 180 67 187 872 167 26 826 377 253 764 56 134 47 237 12
1636324404 10888 1365 1314 594 641 180 67 187 872 167 26 826 377 253 764 56 134 47 237 12
1636324551 10889 1365 1314 594 641 180 67 187 872 167 26 826 377 253 764 56 134 47 237 12
1636326309 10890 1365 1314 594 641 180 67 187 872 167 26 826 377 253 764 56 134 47 237 12
1636351204 10901 1365 1314 594 641 180 67 187 872 167 26 826 377 253 764 56 134 47 237 12
1636372045 10901 1365 1314 620 641 180 67 187 872 167 26 826 377 253 764 56 134 47 237 12
1636438892 10909 1365 1314 620 641 180 67 187 872 167 26 826 377 253 764 56 134 47 237 12
1636446894 10909 1365 1314 620 641 180 67 187 872 167 26 826 377 253 764 56 134 47 237 12
1636739778 10909 1367 1314 620 641 180 67 187 872 167 26 826 377 253 764 56 134 47 237 12
1636788003 10926 1367 1314 620 641 180 67 187 872 167 26 826 377 253 764 56 134 47 237 12
1636954278 10996 1367 1314 620 641 180 67 187 872 167 26 826 377 253 764 56 134 47 237 12
1637134780 10996 1367 1314 628 641 180 67 187 872 167 26 826 377 253 764 56 134 47 237 12
1637350226 10996 1367 1314 628 641 180 67 187 872 171 26 826 377 253 764 56 134 47 237 12
1637350259 10996 1367 1314 628 641 180 67 187 872 171 26 826 377 253 764 56 134 47 237 12
1637477217 10996 1367 1314 628 641 180 67 187 872 416 26 826 377 253 764 56 134 47 237 12
1637489416 11009 1367 1314 628 641 180 67 187 872 416 26 826 377 253 764 56 134 47 237 12
1637489748 11011 1367 1314 628 641 180 67 187 872 416 26 826 377 253 764 56 134 47 237 12
1637490627 11016 1367 1314 628 641 180 67 187 872 416 26 826 377 253 764 56 134 47 237 12
1637565803 11016 1367 1314 630 641 180 67 187 872 416 26 826 377 253 764 56 134 47 237 12
1637911848 11025 1367 1314 630 641 180 67 187 872 416 26 826 377 253 764 56 134 47 237 12
1638165416 11595 1367 1314 630 641 180 67 187 872 416 26 826 377 253 764 56 134 47 237 12
1638195390 11595 1367 1589 630 641 180 67 187 872 416 26 826 377 253 764 56 134 47 237 12
1638226078 11595 1367 1704 630 641 180 67 187 872 416 26 826 377 253 764 56 134 47 237 12
1638299101 11595 1367 1704 630 641 180 67 187 872 416 26 826 377 253 764 376 134 47 237 12
1638385512 11595 1367 1704 630 641 180 69 187 872 416 26 826 377 253 764 376 134 47 237 12
1638532168 11595 1367 1704 638 641 180 69 187 872 416 26 826 377 253 764 392 134 47 237 12
1638782834 11603 1367 1704 638 641 180 69 187 872 416 26 826 377 253 764 392 134 47 237 12
1639035535 11603 1367 1704 639 641 180 69 187 872 416 26 826 377 253 764 392 134 47 237 12
1639419744 11664 1367 1704 639 641 180 69 187 872 416 26 826 377 253 764 392 134 47 237 12
1639420600 11668 1367 1704 639 641 180 69 187 872 416 26 826 377 253 764 392 134 47 237 12
1639421453 11669 1367 1704 639 641 180 69 187 872 416 26 826 377 253 764 392 134 47 237 12
1639547250 11674 1367 1704 639 641 180 69 187 872 416 26 826 377 253 764 392 134 47 237 12
1639575904 11674 1367 1704 639 641 180 69 187 872 416 26 826 377 253 764 392 134 47 237 12
1639844994 11674 1367 1704 639 667 180 69 187 872 416 26 826 377 253 764 392 134 47 237 12
1639992618 11699 1367 1704 639 667 180 69 187 872 416 26 826 377 253 764 392 134 47 237 12
1640007380 12388 1367 1704 639 667 180 69 187 872 416 26 826 377 253 764 392 134 47 237 12
1640066302 12390 1367 1704 639 667 180 69 187 872 416 26 826 377 253 764 392 134 47 237 12
1640100417 12409 1367 1704 639 667 180 69 187 872 416 26 826 377 253 764 392 134 47 237 12
1640102717 12410 1367 1704 639 667 180 69 187 872 416 26 826 377 253 764 392 134 47 237 12
1641070428 12410 1367 1706 639 667 180 69 187 872 416 26 826 377 253 764 392 134 47 237 12
