1609523774 0
1609524778 0
1609550287 86
1609577978 88
1609584483 92
1609586910 99
1609636956 197
1609645226 157
1609649067 197
1609662984 199
1609665510 203
1609673960 210
1609677527 6761
1609706431 6761
1609723349 6877
1609746034 6877
1609750449 6879
1609754051 6883
1609756919 6926
1609760188 6923
1609761298 6924
1609767722 6924
1609771448 6931
1609771614 6953
1609773356 6953
1609809725 7063
1609828667 7062
1609835206 7064
1609841138 7068
1609841140 7078
1609842707 7078
1609847992 7085
1609851678 7093
1609851741 7093
1609852378 7096
1609854154 7096
1609882264 7893
1609896162 8021
1609921751 8023
1609928593 8027
1609929798 8027
1609931420 8035
1609932283 8035
1609943733 8035
1609958580 8981
1609974862 8981
1609982838 8983
1610004203 8363
1610004296 8363
1610004595 8363
1610004764 8363
1610004826 8362
1610008935 8464
1610013066 8474
1610013373 8475
1610014620 8479
1610020837 8479
1610030172 8477
1610069206 8605
1610091807 8606
1610095032 8608
1610098994 8606
1610099413 8610
1610101200 8610
1610102531 8618
1610104243 8619
1610113611 17546
1610114954 17546
1610116665 17546
1610122589 17546
1610126889 17570
1610174481 17578
1610174486 17676
1610181617 17678
1610185231 17682
1610191607 17692
1610242350 17784
1610265674 17786
1610269371 17786
1610272984 17790
1610276003 17800
1610328640 17880
1610351264 17880
1610351326 17882
1610356364 17886
1610371074 17912
1610371134 18269
1610375614 18269
1610415099 18361
1610439970 18361
1610440951 18363
1610441353 18363
1610443334 18368
1610451089 18379
1610451735 18379
1610480578 18379
1610480590 18379
1610480592 2549
1610520688 18609
1610528274 18724
1610529111 18726
1610531823 18728
1610534436 18732
1610535152 18742
1610544772 18742
1610545583 19087
1610549327 19089
1610581860 19089
1610588848 19217
1610612968 19219
1610617974 19223
1610618279 19221
1610624806 19231
1610629540 19231
1610635802 19350
1610675035 19442
1610698077 19444
1610708602 19448
1610710617 19458
1610713025 19499
1610719360 19618
1610761543 19746
1610785094 19748
1610789684 19752
1610796889 19762
1610805625 19787
1610807179 19496
1610809365 19496
1610847962 19588
1610871311 19590
1610876415 19594
1610881045 19604
1610892295 19604
1610934239 19696
1610949419 19707
1610956747 19705
1610957195 19707
1610962928 19711
1610971206 19738
1610971326 19008
1610974667 19738
1611008894 19739
1611008957 50896
1611020730 51006
1611044268 51008
1611048415 51012
1611050119 51012
1611050438 51022
1611054199 51023
1611070982 51362
1611075538 51362
1611078984 51366
1611107272 51480
1611129694 51480
1611131130 51482
1611136175 51486
1611140565 51825
1611146637 51798
1611147576 51835
1611153275 51842
1611154267 51842
1611193671 51930
1611216008 51931
1611218682 51933
1611224196 51937
1611225219 51947
1611231491 51947
1611279968 52033
1611302354 52032
1611303529 52034
1611305363 52046
1611308331 52050
1611315799 52060
1611316414 52072
1611324175 52750
1611341407 52750
1611342085 52751
1611343441 52961
1611352326 52963
1611352583 53337
1611366313 53453
1611391249 53455
1611395106 53459
1611405224 53469
1611436980 53469
1611452939 53573
1611477563 53575
1611480248 53579
1611484764 53589
1611507395 53589
1611539206 53681
1611557635 53681
1611561478 53683
1611567794 53687
1611572076 53687
1611575847 53687
1611578819 53715
1611583420 54732
1611584029 54732
1611621420 54733
1611621510 54849
1611648148 54851
1611650034 54852
1611652483 54856
1611653171 54866
1611654700 54866
1611658280 54866
1611671315 55205
1611693645 55205
1611709613 55315
1611732452 55314
1611734970 55316
1611740009 55320
1611740789 55330
1611743450 55669
1611751337 55669
1611751356 55669
1611796091 55791
1611819349 55792
1611822103 55794
1611826013 55798
1611827163 55808
1611827707 55808
1611830863 55808
1611833245 55808
1611840833 56147
1611845582 56152
1611847644 56152
1611882435 56268
1611905373 56269
1611909132 56271
1611912988 56275
1611920458 56285
1611934058 56624
1611936894 56628
1611936954 56628
1611938244 56628
1611953176 56945
1611968815 57061
1611996303 57063
1611999153 57067
1612002644 57062
1612002689 57062
1612002918 57063
1612002926 57063
1612003422 57064
1612003488 57064
1612004566 57064
1612005549 57072
1612005590 57072
1612005880 57081
1612005887 57088
1612013703 57088
1612030168 57088
1612030225 57088
1612033086 57088
1612033147 57088
1612055448 57198
1612084175 57200
1612085725 57204
1612086602 57214
1612099011 57214
1612118909 57215
1612132191 56822
1612141844 56889
1612164586 56889
1612167749 56891
1612168553 56894
1612171702 56898
1612175759 56898
1612175762 56918
1612179148 56928
1612189765 57945
1612195902 57961
1612195924 57961
1612197056 57962
1612206325 57962
1612227904 58029
1612243858 58032
1612258878 58036
1612258889 58037
1612267606 58047
1612267608 58386
1612279659 58386
1612291180 58386
1612314014 58453
1612337141 57854
1612339552 85002
1612344541 85018
1612350983 84924
1612355346 84930
1612363358 84931
1612363597 84931
1612364466 84932
1612364652 84941
1612365957 85280
1612369102 85281
1612371489 85281
1612371683 85797
1612373315 85797
1612379585 85797
1612384027 85797
1612393914 85820
1612400131 85714
1612400137 85781
1612423404 85783
1612435334 85788
1612435869 85790
1612448650 86430
1612449246 86440
1612486589 86356
1612486593 86423
1612517101 86425
1612517649 86427
1612520988 86433
1612521485 86433
1612522524 86443
1612530078 86820
1612538597 87514
1612572955 87378
1612572959 87445
1612600465 87447
1612603589 87451
1612603903 87461
1612604458 87461
1612604466 87461
1612607443 87462
1612659506 87267
1612659512 87334
1612681663 87334
1612681997 87334
1612684233 87345
1612687637 87347
1612688851 87361
1612688947 87361
1612691300 87361
1612694653 87361
1612708100 87361
1612771949 87363
1612774569 87367
1612776104 87377
1612779784 87377
1612780109 83525
1612780150 83591
1612780166 83592
1612782614 83609
1612794268 83609
1612800168 83609
1612807288 83609
1612832190 83676
1612855482 71034
1612858888 71036
1612859382 83682
1612862709 85323
1612863410 85327
1612869275 85351
1612880643 85611
1612882804 85611
1612918532 85678
1612941839 85684
1612945572 85686
1612949131 86208
1612953183 86212
1612953413 86223
1612961521 86223
1613004981 86300
1613032153 86302
1613032811 86304
1613035545 86984
1613037134 86988
1613038785 86998
1613050702 86998
1613053479 87106
1613061518 87106
1613091417 87173
1613120170 87175
1613123289 87179
1613123982 87189
1613148056 87189
1613153879 87189
1613177789 87256
1613205078 87258
1613209375 87272
1613240650 87272
1613264349 87339
1613292515 87347
1613292949 87347
1613293515 87347
1613295343 87351
1613295610 87361
1613350663 87428
1613372578 87428
1613373873 89219
1613377837 89227
1613380171 89229
1613380938 89232
1613380941 89558
1613387905 89568
1613388226 89568
1613395042 89583
1613395069 89583
1613399070 89841
1613437043 89908
1613455349 89908
1613463288 89910
1613466184 89914
1613469273 89924
1613469366 89924
1613489036 90482
1613523448 90549
1613529076 90549
1613544751 90549
1613546647 90553
1613550563 90935
1613551204 90937
1613553089 90941
1613556052 90941
1613561035 90941
1613563434 90950
1613563691 90951
1613568201 91102
1613576359 91102
1613587889 91137
1613610153 91204
1613629623 91204
1613637631 91206
1613641008 91211
1613643991 90419
1613646523 90429
1613681240 90429
1613696253 90496
1613724350 90498
1613726227 90502
1613728997 90512
1613729519 90512
1613744696 91602
1613749343 91602
1613782642 91669
1613808879 91671
1613811048 91675
1613817350 91683
1613817357 91685
1613818239 91685
1613822028 91685
1613847478 92014
1613869237 92081
1613894991 92083
1613897153 92087
1613903425 92097
1613955544 92164
1613979939 92166
1613985450 92170
1613988449 92170
1613991290 92180
1613997212 92195
1613997988 92195
1614003864 93569
1614041896 93636
1614068079 93636
1614069015 93648
1614069866 93650
1614075032 93654
1614083514 93664
1614090276 94231
1614128331 94298
1614151551 94300
1614155625 94300
1614161884 94304
1614162936 94314
1614162951 68575
1614167514 68575
1614167715 68575
1614167800 68646
1614182758 68646
1614214730 68713
1614239627 68716
1614247022 68719
1614249373 68716
1614251120 68729
1614263081 69107
1614301196 69174
1614322830 69174
1614323518 69176
1614330280 69180
1614334145 69190
1614336850 69190
1614337429 69190
1614338299 69190
1614339730 69193
1614339817 69545
1614341629 69548
1614356998 69549
1614375048 69549
1614404485 69549
1614404488 69616
1614407281 56970
1614410630 69616
1614414630 56946
1614416891 56962
1614417958 69632
1614420592 69635
1614429117 56965
1614435860 69635
1614443979 56965
1614447346 69635
1614460897 69499
1614464753 56965
1614474149 69702
1614497487 69697
1614497682 57027
1614499512 57034
1614501956 56908
1614504355 56898
1614508032 57044
1614511413 69578
1614515536 69714
1614516064 69718
1614525858 57208
1614531789 57208
1614533735 69718
1614536829 57208
1614543919 69718
1614551139 57208
1614560560 57275
1614566223 69785
1614580062 57275
1614583238 57289
1614583478 57287
1614587451 69799
1614589319 69803
1614590999 69803
1614593617 69829
1614594831 69803
1614596886 69804
1614612294 71066
1614646215 71133
1614671693 71135
1614677084 71149
1614677115 71506
1614682139 71506
1614694857 71635
1614696047 71635
1614733189 71702
1614752851 71702
1614756144 71704
1614760220 80171
1614762725 80175
1614766168 80411
1614767314 80401
1614770629 83725
1614771186 83760
1614771549 83760
1614771829 83761
1614774889 83846
1614774973 83846
1614777395 83925
1614777806 83928
1614777957 83928
1614778046 83926
1614778226 83929
1614778375 83927
1614778400 83929
1614778436 83931
1614778530 83933
1614796552 84223
1614819553 84290
1614844177 84292
1614848786 84296
1614853120 84306
1614906023 84373
1614925748 84710
1614928822 84712
1614936769 84726
1614936785 85369
1614962423 85374
1614964773 85669
1614972108 85670
1614983199 85670
1614984763 85673
1614992383 85740
1615015318 85740
1615017901 85740
1615019710 85742
1615022445 85756
1615025600 85756
1615025748 85756
1615079001 85823
1615121612 85827
1615125843 85827
1615138014 85829
1615139990 85839
1615140689 85839
1615141302 85839
1615165272 85906
1615190834 85908
1615194265 85912
1615203837 85922
1615213592 87222
1615251642 87289
1615272756 87292
1615276555 87294
1615279438 87298
1615290268 87717
1615293360 87707
1615300286 87876
1615338035 87943
1615363045 88195
1615365101 88193
1615366934 88199
1615371968 88226
1615371985 88239
1615375303 88226
1615379766 88500
1615397375 88500
1615418811 88311
1615424467 88567
1615430419 88378
1615433165 88567
1615449396 88569
1615454516 88573
1615465304 88583
1615469312 88587
1615473095 89110
1615492027 89208
1615492290 89230
1615492791 89230
1615494986 89232
1615501635 89290
1615510891 89357
1615534771 89390
1615535881 89391
1615535894 89275
1615538273 89277
1615540926 89281
1615544327 89292
1615551922 89292
1615557371 89586
1615559878 90146
1615584142 90148
1615597222 90215
1615625233 90215
1615640059 90221
1615640523 90232
1615683867 90299
1615696290 77789
1615702297 77789
1615704462 90299
1615710376 90301
1615712499 90305
1615719627 90316
1615770128 90383
1615794922 90385
1615798114 90389
1615799450 90400
1615881611 90403
1615881677 91748
1615885232 91752
1615886297 91756
1615890624 92284
1615905140 92424
1615942936 92491
1615967442 92493
1615971801 92986
1615973311 92982
1615973756 93000
1615976783 93011
1615977134 93000
1616020018 93012
1616029332 93079
1616048978 93294
1616053706 93296
1616057204 93300
1616062274 93311
1616077894 93858
1616101227 93858
1616115804 93925
1616144149 93931
1616144422 93927
1616147127 93942
1616147878 93942
1616158840 93942
1616160682 93943
1616167943 94646
1616202129 94713
1616231175 94717
1616232666 94721
1616234286 94732
1616288784 94799
1616314424 94802
1616314523 94803
1616315910 94807
1616319902 94818
1616327146 94822
1616358585 94822
1616375000 94889
1616401291 94891
1616402586 94895
1616406050 94895
1616408493 94914
1616410847 94914
1616411605 94924
1616419167 94926
1616419238 96363
1616486627 96436
1616487374 96436
1616489530 96363
1616489533 96432
1616495727 97069
1616495778 97057
1616503432 91561
1616510011 91715
1616547829 91782
1616566216 91782
1616570923 91784
1616574643 92310
1616577472 92306
1616578476 92321
1616591824 92323
1616607293 92323
1616632205 92325
1616639218 92390
1616656897 92672
1616660619 92678
1616672354 92687
1616675568 92678
1616682377 93642
1616720315 93644
1616727011 93709
1616748769 93712
1616750819 93715
1616754457 93724
1616763832 94003
1616768807 94005
1616768904 94601
1616807493 94603
1616813045 94668
1616832757 94676
1616835146 94685
1616893997 94752
1616918983 94754
1616920957 94758
1616928374 94767
1616929034 94767
1616947902 94767
1616974052 94769
1616980540 94834
1617001560 94837
1617004315 94841
1617006109 94841
1617007815 94841
1617007906 94841
1617012939 94857
1617012997 94857
1617014252 94865
1617020767 94865
1617021663 96191
1617041780 96191
1617041856 96215
1617042073 96215
1617060505 96217
1617066678 96282
1617087281 96284
1617093768 96288
1617093771 97274
1617102936 97283
1617146927 97285
1617152965 97350
1617171644 97352
1617173883 97356
1617185236 97365
1617255269 97377
1617255478 97377
1617259676 98122
1617265999 97444
1617266009 97445
1617266156 98118
1617266803 98131
1617284106 98566
1617320395 98568
1617340688 98570
1617342497 98574
1617349439 98583
1617361767 98862
1617370470 99207
1617382282 99209
1617401417 99245
1617401633 99245
1617402121 99245
1617406158 99247
1617440999 99253
1617447780 99262
1617448706 99262
1617492527 99264
1617520536 99264
1617522547 99266
1617523539 99270
1617524250 99279
1617525105 99279
1617578944 99281
1617610069 99287
1617610375 99287
1617612040 99296
1617612173 99296
1617619774 99313
1617619781 99313
1617665389 99315
1617686108 99317
1617690513 99321
1617693730 99321
1617694117 99330
1617705154 100461
1617751742 100463
1617772852 100483
1617777205 100481
1617778982 100487
1617781670 100864
1617787918 100855
1617795327 100955
1617795493 100955
1617795856 100954
1617795984 100955
1617838212 100957
1617861388 100960
1617864052 100963
1617871432 100972
1617888786 100975
1617888875 101342
1617924530 101344
1617945099 101346
1617948750 101350
1617955118 101625
1617961981 101616
1617972102 101825
1617973430 102054
1617986399 102057
1618010930 102059
1618035583 102081
1618040699 102083
1618042459 102096
1618085209 102097
1618097279 102099
1618127509 102101
1618128863 102114
1618131495 102355
1618131548 102374
1618131653 102374
1618131780 102374
1618131844 102400
1618159885 102400
1618183714 102402
1618190390 102403
1618208281 102407
1618209265 102405
1618212683 102411
1618215378 102420
1618215506 102435
1618216356 102407
1618223446 102441
1618225234 102437
1618234515 103597
1618246346 103598
1618270156 103600
1618276800 103601
1618293702 103605
1618295650 103603
1618298158 103609
1618302451 103618
1618309941 103832
1618313207 104059
1618320293 104059
1618332861 104059
1618356418 104061
1618362891 104062
1618381951 104064
1618385325 104452
1618387323 104454
1618390270 104458
1618390692 104467
1618404051 104473
1618417347 104473
1618417714 104473
1618417952 104474
1618442833 104476
1618449398 104477
1618466785 104481
1618468420 104479
1618470615 104485
1618474738 104494
1618493599 105229
1618505563 105229
1618529230 105231
1618535849 105232
1618551114 105236
1618553906 105240
1618554647 105234
1618559043 105249
1618580040 105665
1618583100 105948
1618591919 105948
1618593058 105948
1618615634 105950
1618622111 105951
1618641206 105953
1618644846 105955
1618648197 105958
1618648756 105962
1618648972 105971
1618678234 105971
1618701987 105973
1618708801 105974
1618727595 105976
1618732322 105978
1618735717 105982
1618736190 105991
1618764584 105991
1618788425 105993
1618795038 105994
1618809370 106000
1618814045 105996
1618814302 106004
1618815061 106013
1618815293 106028
1618829615 106112
1618833328 107088
1618839229 107088
1618851078 107089
1618874840 107091
1618881438 107092
1618898965 107096
1618900539 107094
1618902139 107100
1618905844 107109
1618907515 107096
1618925660 107831
1618937541 107831
1618961288 107833
1618967856 107834
1618983210 107838
1618986704 107842
1618986719 107870
1618986820 107836
1618986883 107870
1618988686 107879
1619001103 108263
1619023962 108263
1619047743 108265
1619054290 108266
1619068864 108268
1619076023 108276
1619076508 108269
1619076559 108272
1619084374 108285
1619101715 108807
1619110361 108807
1619134118 108809
1619140819 108810
1619155304 108814
1619159707 108812
1619162112 108820
1619171903 108829
1619177509 108820
1619179763 109080
1619196862 109080
1619213160 109082
1619217213 109082
1619220543 109084
1619227132 109085
1619243369 109085
1619243433 109086
1619246095 109088
1619249098 109090
1619253122 109091
1619253948 109094
1619255767 109103
1619256581 109103
1619257284 109104
1619257345 109104
1619257563 109104
1619262355 109104
1619283206 109104
1619306876 109106
1619313880 109107
1619332482 109109
1619335459 109109
1619337257 109111
1619338134 109115
1619338265 109124
1619347562 109124
1619369622 109124
1619393313 109126
1619400126 109127
1619414519 109131
1619418977 109129
1619420340 109137
1619420462 109137
1619421464 109146
1619422220 109131
1619436472 110245
1619441108 110245
1619447144 110260
1619456027 110261
1619479693 110263
1619486257 110264
1619500722 110268
1619505304 110266
1619506605 110272
1619508602 110281
1619542393 110281
1619566139 110283
1619572718 110284
1619587730 110288
1619591745 110286
1619594389 110292
1619594970 110301
1619598741 110288
1619605948 110817
1619628934 110817
1619652510 110819
1619658953 110820
1619673869 110824
1619678063 110822
1619679111 110828
1619682975 110837
1619700176 111142
1619714871 111159
1619715064 111159
1619731533 111159
1619738840 111161
1619745415 111162
1619764433 111164
1619764705 111166
1619766829 111170
1619770960 111179
1619786543 111236
1619789617 111466
1619814430 111750
1619821889 111752
1619825223 111754
1619850359 111754
1619850839 111760
1619851875 111765
1619851928 111765
1619854922 111765
1619855012 111771
1619855391 111771
1619861984 111780
1619886599 111780
1619902727 111820
1619902872 111936
1619911726 111938
1619918761 111939
1619934009 111949
1619934072 111949
1619937238 111952
1619940218 111954
1619944825 111958
1619948519 111967
1619974127 111967
1619977776 111967
1619980521 111967
1619998045 111969
1620004853 111970
1620022292 111975
1620023699 111973
1620027309 111979
1620029375 111988
1620029438 112003
1620030710 111975
1620041069 112003
1620045770 113119
1620053073 113196
1620053144 113411
1620060618 113412
1620066264 113417
1620066352 113418
1620067369 113418
1620067433 113418
1620068848 113418
1620068910 113418
1620084382 113420
1620090923 113422
1620105752 113422
1620105810 113422
1620105848 113422
1620105911 113422
1620106168 113428
1620107102 113422
1620108621 113422
1620109118 113425
1620111412 113426
1620111596 113432
1620111712 113426
1620123072 113442
1620128639 113433
1620132471 113442
1620138407 113976
1620145505 113976
1620170784 113978
1620177229 113980
1620196485 113983
1620202338 113989
1620202640 113989
1620205302 113989
1620208742 113998
1620212643 113998
1620218552 114450
1620228586 114451
1620231139 114451
1620257221 114453
1620263591 114455
1620279028 114460
1620282808 114458
1620285109 114464
1620285330 114473
1620308056 114943
1620309750 117218
1620332901 117218
1620343617 117220
1620350036 117285
1620350179 117287
1620365552 117292
1620368471 117305
1620369291 117290
1620371468 104795
1620376307 104795
1620401380 104796
1620406160 104797
1620415842 105087
1620429991 105089
1620436343 105154
1620436475 105156
1620455620 105159
1620459179 105161
1620462752 105170
1620463478 105174
1620492391 105174
1620516423 105176
1620522998 105241
1620523136 105243
1620541993 105246
1620548682 105250
1620549043 105252
1620549190 105252
1620551606 105261
1620578831 105261
1620580742 105290
1620581530 105295
1620582868 105300
1620583657 105300
1620592311 105303
1620602783 105305
1620609367 105370
1620609552 105372
1620625786 105377
1620628462 105375
1620630512 105390
1620630983 105405
1620635489 105377
1620650535 106715
1620665298 106716
1620689189 106718
1620695747 106783
1620695886 106785
1620711145 106790
1620714824 106788
1620716420 106794
1620718084 106803
1620721877 106790
1620732369 107199
1620751807 107199
1620775659 107201
1620782207 107266
1620782344 107268
1620797271 107273
1620799970 107277
1620800656 107286
1620801321 107271
1620826661 107805
1620837984 107805
1620838407 107805
1620862140 107807
1620868941 107872
1620869088 107874
1620884654 107879
1620887435 107901
1620887449 107901
1620887767 107877
1620889746 107901
1620891949 107910
1620893967 107880
1620894517 107897
1620909861 108319
1620924761 108319
1620948586 108321
1620955375 108386
1620955516 108388
1620970496 108390
1620972972 108394
1620976551 108403
1620984664 108433
1621007265 108433
1621007344 108437
1621011021 108440
1621011188 108440
1621014760 108440
1621021887 108440
1621022044 108440
1621034957 108442
1621041609 108507
1621041741 108509
1621060552 108512
1621063673 108514
1621065358 108518
1621068784 108527
1621069120 108532
1621069191 108571
1621078367 108571
1621097479 108571
1621121294 108574
1621128472 108639
1621128749 108641
1621131933 108641
1621132014 108641
1621135282 108648
1621135563 108648
1621135633 108648
1621146769 108651
1621151202 108653
1621154006 108657
1621154509 108666
1621183385 108666
1621207690 108669
1621214483 108734
1621214621 108736
1621230050 108741
1621233404 108739
1621235218 108754
1621236344 108770
1621255443 108771
1621255569 110035
1621268250 110035
1621270212 109840
1621273924 110035
1621279740 109840
1621283339 110035
1621294194 110038
1621301010 110103
1621301151 110105
1621317075 110112
1621326468 110128
1621329765 110112
1621329826 110115
1621356785 110128
1621380592 110131
1621387176 110196
1621387297 110198
1621408193 110198
1621408420 110201
1621409208 110203
1621415367 110207
1621415706 110216
1621431435 111002
1621496077 111262
1621496135 111335
1621496360 111337
1621498754 111341
1621509143 111350
1621514753 111646
1621524472 111646
1621539151 111647
1621553298 111650
1621560086 111715
1621560224 111717
1621578968 111720
1621582819 111720
1621585921 111727
1621587503 111729
1621589244 111733
1621592265 111733
1621594789 111742
1621600965 111749
1621616053 111750
1621636070 111753
1621646420 111818
1621646543 111820
1621665169 111823
1621671628 111826
1621672123 111826
1621674428 111830
1621674671 111839
1621678633 111839
1621680160 111839
1621680254 111839
1621702273 111839
1621722438 111842
1621733681 111907
1621733826 111909
1621751336 111909
1621751804 111912
1621757041 111923
1621757488 111926
1621757888 111927
1622006553 113550
1622007682 114211
1622008873 114206
1622010589 114212
1622011151 114212
1622011984 114209
1622015952 114221
1622016555 114208
1622037390 114320
1622049211 114321
1622068453 114324
1622080611 114389
1622080801 114391
1622094086 114396
1622096622 114400
1622097372 114409
1622098753 114394
1622120308 114738
1622124131 114738
1622136505 114739
1622138820 114742
1622154897 114745
1622167638 114810
1622167845 114812
1622180425 114818
1622182655 114822
1622183257 114816
1622190128 114831
1622241576 114834
1622255116 114899
1622272071 114899
1622273762 114901
1622274460 114905
1622274624 114914
1622313953 114922
1622328093 114925
1622342654 114927
1622356643 114931
1622360748 114933
1622364612 115181
1622366153 115185
1622366576 115194
1622395971 115194
1622414593 115197
1622429638 115199
1622439234 115201
1622445277 115208
1622445847 115217
1622446938 115204
1622448033 115233
1622448098 115233
1622466878 116444
1622483599 116445
1622501727 116448
1622517746 116163
1622517973 116165
1622526688 116456
1622528322 116450
1622528417 116454
1622528647 116460
1622528883 116469
1622554533 116810
1622571933 116811
1622586217 116814
1622604215 116816
1622612650 116821
1622614498 116825
1622614803 116819
1622615933 116825
1622618313 116834
1622640950 117161
1622659037 117162
1622678371 117165
1622678446 117167
1622698974 117169
1622699021 117319
1622702737 117177
1622707971 117186
1622718690 117190
1622725827 117512
1622730395 117512
1622743505 117512
1622761283 117515
1622765324 117517
1622782271 117517
1622792890 117519
1622793549 117523
1622805205 117527
1622813494 117536
1622817895 117793
1622822709 117794
1622843438 117796
1622847142 117799
1622858272 117801
1622876957 117805
1622878890 117808
1622882443 117812
1622882621 117821
1622913500 117822
1622932628 117825
1622944328 117827
1622963017 117830
1622964913 117832
1622967958 117836
1622970991 117845
1622999658 117846
1623018980 117849
1623030842 117851
1623051835 117853
1623052324 117857
1623052387 117859
1623052407 117860
1623053073 117860
1623054860 117860
1623058068 117869
1623069450 117884
1623072254 119017
1623088371 119019
1623106350 119022
1623116840 119024
1623122642 118888
1623126644 118888
1623126911 118886
1623128763 119022
1623132800 119013
1623132883 119016
1623137842 118856
1623141069 119016
1623144119 119031
1623159717 119344
1623171499 119345
1623191153 119348
1623201708 119350
1623217516 119354
1623220813 119357
1623222831 119359
1623223543 119363
1623235321 119372
1623242531 119679
1623257388 119680
1623262607 119660
1623263176 119678
1623277541 119681
1623288027 119684
1623306345 119687
1623309777 119689
1623310841 119693
1623314497 119702
1623332371 119990
1623335074 119985
1623335160 119990
1623343860 119990
1623363732 119993
1623374061 119994
1623393052 119998
1623399177 120000
1623408231 120004
1623409074 120013
1623411027 120015
1623412875 120015
1623412945 120016
1623413159 120016
1623413289 120016
1623418470 120016
1623418548 120016
1623421071 120016
1623421161 120015
1623429770 120016
1623450216 120019
1623460023 120020
1623480334 120020
1623480344 120020
1623484301 120026
1623485369 120035
1623487157 120039
1623490457 120039
1623490523 120040
1623516008 120040
1623536562 120043
1623546906 120046
1623565862 120049
1623570427 120055
1623572430 120064
1623577669 120064
1623602418 120064
1623619418 120067
1623622971 120070
1623633059 120073
1623652334 120076
1623655591 120076
1623657631 120082
1623661364 120091
1623688880 120093
1623709462 120096
1623719828 120099
1623738716 120102
1623741324 120117
1623743975 120119
1623744310 120132
1623745711 120132
1623752992 120132
1623756118 121376
1623775451 121376
1623795806 121379
1623805965 121382
1623821284 121382
1623824354 121385
1623824993 121385
1623829211 121387
1623829721 121391
1623831788 121400
1623835856 121400
1623850515 121678
1623861736 121678
1623882200 121681
1623892239 121684
1623911547 121687
1623916018 121693
1623921295 121702
1623933650 121948
1623948149 121948
1623968623 121951
1623978924 121954
1623997917 121957
1624002191 121959
1624003047 121963
1624006370 121972
1624011996 123272
1624020058 123514
1624030190 123517
1624034494 123517
1624054980 123520
1624065123 123585
1624065304 123588
1624089505 123594
1624089779 123597
1624091478 123606
1624093715 123592
1624119897 123592
1624141349 123594
1624151617 123659
1624151851 123662
1624170689 123665
1624173149 124185
1624175013 124193
1624185924 124202
1624207140 124202
1624227743 124205
1624238190 124270
1624238311 124273
1624252124 124273
1624252180 124331
1624254468 124331
1624255035 124419
1624255488 124420
1624256113 124423
1624262249 124425
1624262290 124429
1624262999 124429
1624265093 124438
1624266028 124438
1624273577 124453
1624274431 124453
1624279010 124460
1624279130 124460
1624282417 125162
1624293650 125164
1624314177 125167
1624324038 125232
1624324329 125235
1624343315 125235
1624343405 125238
1624346416 125238
1624347888 125240
1624348709 125244
1624352556 125255
1624357462 125256
1624357783 125256
1624368782 125491
1624374024 125491
1624374114 125491
1624378044 125491
1624378261 125491
1624378756 125491
1624400543 125493
1624410219 125496
1624413404 125561
1624429246 125564
1624434118 125566
1624435866 125570
1624442442 125579
1624445391 125579
1624445455 125579
1624448367 125579
1624449681 125579
1624454715 125811
1624467027 125811
1624486862 125814
1624496342 125879
1624496521 125882
1624508426 125882
1624515680 125885
1624520596 125887
1624522303 125891
1624522669 125900
1624553655 125900
1624576515 125903
1624583355 125906
1624586533 125971
1624602808 125974
1624606990 125976
1624607525 125980
1624609997 125980
1624610874 125989
1624638161 125332
1624640341 125332
1624641738 125989
1624662903 125991
1624669276 125994
1624672417 126059
1624689156 126062
1624693361 126064
1624693607 126068
1624697416 126068
1624713046 126077
1624726383 126077
1624749285 126080
1624756266 126083
1624759414 126148
1624775572 126151
1624777583 126155
1624779766 126157
1624791413 126166
1624812782 126166
1624835709 126168
1624842318 126171
1624845547 126236
1624863840 126236
1624863915 126240
1624865293 126242
1624866407 126246
1624868742 126255
1624873803 126255
1624883818 126270
1624883852 126270
1624884033 127428
1624884250 127429
1624884706 127429
1624886346 127429
1624886997 127429
1624887534 127429
1624887554 127429
1624888079 127429
1624888190 127429
1624889245 127429
1624889897 127429
1624890771 127429
1624899274 127429
1624922104 127431
1624928468 127434
1624931790 127499
1624948420 127502
1624951764 127506
1624952389 127508
1624958359 127517
1624974354 127771
1624985702 127772
1625008507 127775
1625015226 127778
1625018538 127843
1625034780 127846
1625038976 127848
1625041477 127852
1625044357 127861
1625052101 128325
1625072201 128325
1625094858 128328
1625101655 128331
1625104863 128396
1625121307 128399
1625123844 128403
1625125362 128405
1625126939 128405
1625127701 128414
1625158482 128414
1625181335 128416
1625187879 128419
1625191158 128484
1625207314 128487
1625211787 128489
1625218619 128502
1625236556 128774
1625244952 128774
1625264322 128777
1625274123 128780
1625277160 128845
1625292060 128845
1625293915 128848
1625298180 128850
1625298519 128854
1625298700 128854
1625300513 128863
1625311240 128863
1625331139 128863
1625354060 128865
1625360694 128868
1625363770 128933
1625378028 128942
1625380328 128936
1625380640 128942
1625381282 128951
1625384573 128938
1625417515 128951
1625440463 128953
1625446964 128956
1625450179 129021
1625466761 129024
1625470975 129026
1625471024 129030
1625472486 129030
1625475484 129041
1625481046 129056
1625481057 129056
1625504024 129059
1625526873 129062
1625533649 129065
1625536758 129130
1625553158 129133
1625557374 129135
1625558269 129139
1625561344 129148
1625562943 129266
1625566897 129266
1625575178 130653
1625585417 59582
1625589662 130653
1625590415 130653
1625613277 130656
1625620039 130659
1625639548 130662
1625643775 130664
1625644937 130668
1625645616 130668
1625646539 130677
1625648040 130677
1625677337 130677
1625699669 130680
1625706211 130683
1625725920 130686
1625730162 130688
1625731233 130692
1625731929 130701
1625905662 130962
1625905698 131977
1625935931 131977
1625958860 131980
1625964739 132045
1625965788 132048
1625985147 132051
1625988551 132055
1625989380 132057
1625989565 132066
1626022312 132066
1626045263 132068
1626050720 132133
1626051801 132136
1626071615 132142
1626073691 132146
1626075780 132148
1626077507 132157
1626089695 132174
1626089701 132174
1626093450 132173
1626096475 132173
1626108961 132173
1626131700 132176
1626137361 132241
1626138369 132244
1626157595 132253
1626157957 132247
1626160173 132262
1626162196 132249
1626195270 132262
1626197065 132262
1626218080 132265
1626223419 132330
1626224471 132333
1626244359 132336
1626248453 132340
1626248579 132342
1626250665 132351
1626281661 132351
1626304488 132353
1626310012 132418
1626311128 132421
1626325989 132421
1626330723 132424
1626332582 132428
1626334984 132430
1626341279 132430
1626351233 132439
1626352599 132440
1626355602 132441
1626368044 132441
1626390880 132444
1626396445 132509
1626397530 132512
1626417184 132515
1626421126 132519
1626421229 132521
1626427942 132531
1626438992 132531
1626477268 132534
1626482775 132599
1626504883 132599
1626504962 132605
1626506127 132609
1626507774 132611
1626510857 132620
1626520266 132620
1626520482 132620
1626520554 132623
1626538103 132623
1626563664 132625
1626569345 132690
1626570420 132693
1626589923 132696
1626594169 132698
1626596660 132700
1626597313 132704
1626597367 132713
1626619557 132738
1626619636 132739
1626627149 132739
1626650085 132742
1626655730 132807
1626656735 132810
1626676385 132813
1626678200 132817
1626680577 132819
1626683925 132828
1626684006 132844
1626713662 132844
1626734066 132844
1626734167 132844
1626736478 132847
1626742239 132912
1626743365 132915
1626762783 132918
1626765230 132922
1626766978 132924
1626770418 132933
1626800051 132933
1626822880 132936
1626828566 133001
1626829577 133004
1626849162 133007
1626853374 133009
1626856664 133013
1626865231 133022
1626886541 133022
1626909299 133025
1626909867 61264
1626914911 61329
1626916029 61332
1626916778 133093
1626934184 133096
1626937790 133100
1626939789 133102
1626942339 133111
1626972891 133111
1626995688 133113
1627001301 133178
1627002368 133181
1627021741 133184
1627025110 133183
1627025199 133183
1627026168 133185
1627026651 133189
1627029298 133198
1627059300 133198
1627082091 133201
1627087658 133266
1627088742 133269
1627108314 133272
1627112569 133274
1627113034 133278
1627115735 133287
1627116260 133287
1627145544 133287
1627168480 133290
1627174159 133355
1627175241 133358
1627193221 133367
1627193929 133361
1627195517 133376
1627198969 133363
1627226781 133379
1627230869 133379
1627231938 133379
1627254867 133382
1627260424 133447
1627261536 133450
1627281187 133453
1627285380 133455
1627287766 133459
1627289630 133468
1627289779 133484
1627296041 133485
1627318485 133485
1627341280 133488
1627346968 133553
1627348055 133556
1627367583 133559
1627369779 134070
1627544845 134381
1627544901 134380
1627548219 134384
1627548791 134393
1627564913 134412
1627577708 134412
1627596946 134415
1627606170 134480
1627607288 134483
1627626764 134486
1627628865 134490
1627630978 134492
1627631221 134501
1627658776 134502
1627659014 134503
1627659342 134503
1627659415 135016
1627663804 135016
1627663870 135016
1627663951 135016
1627669731 135019
1627686878 135022
1627692467 135087
1627693476 135090
1627713136 135093
1627714297 135097
1627717387 135099
1627719040 135108
1627736690 135108
1627750325 135108
1627773292 135110
1627779314 135175
1627780459 135178
1627799539 135181
1627803784 135183
1627807190 135196
1627836737 135196
1627859664 135198
1627865230 135263
1627866322 135266
1627884570 134759
1627885975 135269
1627888062 135273
1627890168 135275
1627890623 135284
1627901756 135301
1627923114 135301
1627923250 135304
1627927305 135315
1627946075 135317
1627951979 135382
1627952978 135385
1627971972 135388
1627973551 135392
1627976579 135394
1627982774 135403
1628010081 135403
1628032492 135405
1628038011 135470
1628039114 135473
1628058766 135476
1628061952 135480
1628062978 135482
1628063604 135491
1628090873 135491
1628096280 135491
1628118914 135493
1628124468 135558
1628125538 135561
1628145149 135564
1628149209 135568
1628149393 135570
1628150605 135579
1628182521 135579
1628205284 135581
1628211107 135646
1628212128 135649
1628231550 135652
1628235797 135654
1628236288 135658
1628236883 135667
1628243025 135669
1628252885 135669
1628252887 135672
1628252923 135695
1628268850 135696
1628291671 135698
1628296972 135763
1628298008 135766
1628317893 135769
1628322165 135771
1628322559 135775
1628322711 135784
1628355095 135784
1628378056 135786
1628383670 135851
1628384732 135854
1628404277 135857
1628408583 135859
1628411185 135868
1628411675 135872
1628413249 135872
1628418269 135875
1628441515 135875
1628464457 135877
1628470151 135942
1628471104 135945
1628486873 135422
1628487859 135945
1628490737 135948
1628494986 135950
1628498998 135959
1628500240 135963
1628501222 136461
1628508046 136468
1628515734 135970
1628528015 135970
1628550931 135972
1628556610 136037
1628557651 136040
1628577149 136043
1628580261 136047
1628581377 136049
1628582974 136064
1628583020 136065
1628584356 136065
1628588625 136074
1628591446 136074
1628614352 136074
1628635727 136076
1628642987 136141
1628643926 136144
1628663240 136147
1628667086 136151
1628667783 136153
1628668703 136162
1628700754 136162
1628723702 136164
1628729208 136229
1628730246 136232
1628749967 136235
1628752311 136239
1628754216 136241
1628763343 136241
1628773243 136241
1628778399 136250
1628783923 136250
1628787229 136250
1628810101 136252
1628815685 136317
1628816740 136320
1628836327 136323
1628840590 136325
1628842447 136329
1628842601 136338
1628868529 135970
1628873563 135974
1628896487 135976
1628901821 136041
1628902822 136044
1628922666 136047
1628926986 136049
1628928565 136053
1628929257 136431
1628929608 136062
1628945845 136062
1628945851 136062
1628959891 136062
1628982859 136064
1628988444 136129
1628989507 136132
1629009051 136135
1629013374 136137
1629013649 136141
1629013885 136519
1629015123 136519
1629016044 136150
1629033858 136153
1629046286 136153
1629059710 136153
1629063110 136169
1629064392 136169
1629069312 136171
1629074786 136236
1629075832 136239
1629089438 136239
1629091668 136615
1629093107 136615
1629096841 136615
1629096858 136618
1629097771 136622
1629099771 136624
1629104689 136634
1629111811 136650
1629132891 136650
1629155710 136652
1629161198 136717
1629162188 136720
1629181893 136723
1629186188 136725
1629186798 136729
1629186993 136738
1629197510 136738
1629198948 136742
1629219157 136742
1629242106 136744
1629247681 136809
1629248692 136812
1629268300 136815
1629270828 136819
1629272572 136821
1629273325 136821
1629275941 136830
1629305418 136830
1629328511 136832
1629333657 136897
1629334647 136900
1629354681 136903
1629357023 136907
1629357209 136907
1629359103 136909
1629360442 136918
1629362068 136918
1629376834 146407
1629391975 146407
1629414903 146409
1629420365 146474
1629421337 146477
1629441078 146480
1629444447 146484
1629444459 146109
1629445394 146111
1629445759 146124
1629446872 146500
1629447080 146500
1629450193 146502
1629450276 146511
1629450287 146518
1629450473 146518
1629478342 146518
1629501308 146520
1629506740 146585
1629507760 146588
1629527453 146591
1629530901 146595
1629531776 146597
1629533136 146680
1629533968 146689
1629535821 146689
1629540206 146689
1629542989 146691
1629552289 146694
1629564690 146694
1629587688 146696
1629593138 146761
1629594168 146764
1629613845 146767
1629615812 146771
1629618183 146773
1629619649 146773
1629623664 146782
1629651068 146782
1629674080 146784
1629679405 146849
1629680374 146852
1629700267 146855
1629703400 146855
1629704575 146857
1629704948 146861
1629706709 146870
1629713804 146870
1629737609 146872
1629756922 146873
1629760541 146874
1629765882 146939
1629766953 146942
1629786609 146945
1629788479 146949
1629790963 146951
1629791988 146960
1629823975 146960
1629846904 146962
1629852403 147027
1629853404 147030
1629873007 147033
1629876444 147033
1629877382 147035
1629877811 147039
1629884517 147056
1629884629 147021
1629885455 147066
1629933305 147068
1629938664 147133
1629939680 147136
1629959385 147139
1629963472 147143
1629963798 147145
1629964353 147154
1629996820 147154
1630019730 147156
1630025475 147221
1630026510 147224
1630045794 147227
1630048442 147227
1630049147 147237
1630049299 147238
1630049747 147242
1630061425 147250
1630064308 147250
1630078167 147250
1630078777 147251
1630083136 147251
1630106101 147253
1630111448 147318
1630112444 147321
1630114562 147322
1630132162 147325
1630136579 147327
1630136905 147331
1630137266 147331
1630140557 147340
1630143376 147340
1630144719 147340
1630169474 147340
1630182155 147343
1630192486 147345
1630198179 147410
1630199186 147413
1630218554 147416
1630221941 147420
1630222994 147422
1630223314 147431
1630226254 147431
1630227843 147431
1630255867 147431
1630278877 147433
1630284379 147498
1630285439 147501
1630305012 147504
1630308320 147508
1630309383 147510
1630320962 147519
1630321008 147534
1630342401 147536
1630365316 147538
1630370966 147603
1630371922 147606
1630391399 147609
1630394574 147613
1630395465 147623
1630395797 147624
1630396349 147624
1630428771 147624
1630451707 147626
1630457566 147691
1630458697 147694
1630477847 147697
1630481030 147697
1630481333 147701
1630493069 147703
1630493308 147704
1630493754 147704
1630496132 147704
1630497905 147713
1630515211 147713
1630534529 147714
1630538132 147715
1630543652 147780
1630544706 147783
1630559631 147767
1630564212 147770
1630568589 147772
1630569068 147776
1630570246 147785
1630574652 147785
1630600421 149258
1630601691 149258
1630624520 149260
1630630088 149325
1630631094 149328
1630650605 149331
1630654973 149333
1630656706 149342
1630656989 149346
1630658172 149346
1630664889 112439
1630672082 153191
1630687968 153193
1630710895 153195
1630716510 153260
1630717575 153263
1630733038 153272
1630733932 153273
1630734001 153307
1630735569 153308
1630735637 153343
1630736951 153346
1630741399 153348
1630741536 153352
1630742005 153361
1630748243 153361
1630749029 153369
1630774282 153369
1630797289 153372
1630803053 153437
1630804067 153440
1630823384 153443
1630827782 153445
1630828326 153449
1630828447 153449
1630828499 153458
1630834439 153458
1630851593 153461
1630872754 153461
1630883716 153464
1630889581 153529
1630890736 153532
1630909796 153535
1630914188 153537
1630914972 153541
1630915510 153550
1630916339 153550
1630916353 153628
1630919284 153643
1630919295 153643
1630920078 153644
1630928788 153644
1630928861 153644
1630931728 154713
1630934972 154713
1630947232 154713
1630970101 154716
1630975597 154781
1630976632 154784
1630996207 154787
1630997502 154787
1630997882 154788
1630997993 154788
1630998515 154789
1631000588 154791
1631000729 154795
1631006588 154795
1631007040 154804
1631018352 155326
1631032804 155326
1631033594 155326
1631056504 155329
1631062041 155394
1631063046 155397
1631082577 155400
1631085754 155404
1631086983 155406
1631097657 155415
1631098540 155415
1631119966 155415
1631142911 155418
1631149763 155421
1631168997 155424
1631171908 155429
1631173398 155431
1631174305 155440
1631183110 156434
1631184591 156434
1631206340 156434
1631229299 156437
1631236188 156440
1631255385 156443
1631259781 156445
1631260167 156449
1631263127 156458
1631263968 156588
1631266471 156588
1631270472 156588
1631272653 156588
1631277564 157147
1631279141 157154
1631292556 157154
1631315696 157157
1631322268 157160
1631325302 157225
1631341758 157228
1631346178 157230
1631346366 157234
1631346400 157243
1631346818 157243
1631379053 157243
1631382123 157246
1631402076 157249
1631408897 157252
1631412024 157317
1631428154 157320
1631431325 157324
1631431686 157334
1631432595 157335
1631441645 157335
1631465464 157335
1631478162 157338
1631488489 157341
1631495302 157344
1631498326 157409
1631514599 157412
1631518978 157414
1631519613 157418
1631521560 157418
1631521594 157427
1631522322 157430
1631527054 157430
1631527178 157445
1631537022 158190
1631539889 158880
1631541137 158887
1631551879 158890
1631564482 158890
1631574899 158893
1631581779 158896
1631584717 158961
1631604830 158965
1631604944 158967
1631605306 158976
1631614594 158992
1631623178 159635
1631627432 159636
1631627923 159637
1631628731 159637
1631630676 159637
1631630887 159637
1631638292 159640
1631649841 159640
1631650275 159641
1631650645 159642
1631656780 159642
1631661305 159645
1631667961 159648
1631671078 159713
1631687394 159716
1631690655 159720
1631691405 159722
1631693452 159731
1631709673 160387
1631724518 160387
1631736837 160818
1631747718 160821
1631754656 160824
1631757836 160889
1631773790 160892
1631776932 160896
1631778193 160898
1631778825 160907
1631779827 160907
1631781907 160907
1631796046 161493
1631811074 161493
1631814820 161493
1631823401 161494
1631826559 161495
1631834117 161498
1631841254 161501
1631844283 161566
1631860184 161569
1631864582 161571
1631866943 161571
1631866979 161580
1631868299 161584
1631869441 161584
1631872235 161592
1631875667 161592
1631882389 162071
1631897539 162074
1631920546 162077
1631927127 162080
1631930453 162145
1631946552 162148
1631947220 162148
1631950720 162152
1631950971 162152
1631950982 162154
1631954205 162163
1631954691 162163
1631958281 162163
1631983766 162163
1632009728 162166
1632009738 162169
1632016825 162234
1632032946 162237
1632036470 162241
1632036840 162241
1632037276 162243
1632038158 162243
1632038278 162243
1632039280 162252
1632047337 162252
1632047982 162252
1632057887 162255
1632069273 162255
1632093303 162258
1632100275 162261
1632103266 162326
1632119391 162329
1632123802 162331
1632125032 162335
1632125193 162335
1632125278 162344
1632147478 163766
1632147996 163784
1632149828 163784
1632154493 163784
1632182446 163787
1632186498 163790
1632189595 163855
1632204565 163858
1632209351 163862
1632210226 163864
1632210788 163873
1632218685 163873
1632224424 163873
1632227984 164499
1632243103 164499
1632266135 164502
1632272940 164505
1632276094 164570
1632290963 164572
1632292175 164573
1632296613 164575
1632297986 164579
1632298031 164588
1632298862 164588
1632301187 164588
1632305788 164604
1632313470 164604
1632314450 165101
1632329561 165101
1632352525 165104
1632359538 165107
1632362657 165172
1632378616 165175
1632382987 165177
1632384272 165181
1632384537 165190
1632396102 165646
1632400666 165647
1632402179 165647
1632415813 165647
1632438922 165650
1632445709 165653
1632448762 165718
1632464284 165718
1632464979 165721
1632469406 165723
1632470975 165727
1632472153 165727
1632473445 165735
1632473582 165735
1632473614 165735
1632477813 165735
1632479935 165744
1632480226 165744
1632483580 165744
1632487154 166233
1632502247 166233
1632524980 166235
1632525305 166238
1632531969 166241
1632535087 166306
1632550144 166309
1632555804 166311
1632558214 166312
1632558926 166315
1632559023 166324
1632559479 166324
1632588600 166324
1632611693 166327
1632618546 166330
1632621573 166395
1632636547 166398
1632642192 166400
1632646614 166404
1632649620 166404
1632649881 166404
1632666227 166404
1632674607 166411
1632674679 166413
1632674984 166413
1632698097 166416
1632704810 166419
1632707970 166484
1632723006 166487
1632728340 166488
1632728606 166490
1632729293 166502
1632733922 166503
1632733990 166518
1632736859 166518
1632738485 167211
1632741696 167211
1632746503 167655
1632754094 167927
1632760216 167929
1632774210 167931
1632784505 167934
1632791287 167937
1632794431 168002
1632810571 168005
1632814988 168007
1632817296 168016
1632817378 168020
1632832791 168532
1632847849 168532
1632870923 168535
1632877507 168538
1632880459 168603
1632897013 168607
1632901395 168609
1632902277 168613
1632902481 168622
1632903224 168622
1632910624 168626
1632922130 169257
1632922902 169257
1632934279 169257
1632957335 169260
1632964435 169263
1632967551 169328
1632982176 169331
1632987802 169333
1632989093 169337
1632989228 169346
1632999908 169346
1633005597 170111
1633020666 170111
1633043742 170114
1633050739 170117
1633053987 170182
1633068592 170185
1633073350 170189
1633074198 170191
1633075848 170200
1633076919 170200
1633078236 170208
1633080034 170208
1633080068 170208
1633080295 170442
1633084077 170442
1633094945 170829
1633096228 170830
1633107150 170832
1633130121 170835
1633136809 170838
1633139873 170903
1633154963 170906
1633160045 170910
1633160170 170912
1633161159 170921
1633165804 170921
1633174425 170921
1633193373 170921
1633216513 170924
1633223627 170927
1633226566 170992
1633242595 170995
1633246702 170999
1633247009 171001
1633250670 171010
1633253578 171010
1633279783 171010
1633302926 171013
1633310007 171016
1633313177 171081
1633327795 171084
1633332977 171088
1633333400 171090
1633334588 171099
1633342059 171114
1633342070 171114
1633350961 171115
1633351225 171115
1633354145 172388
1633366381 172388
1633378997 172391
1633389159 172394
1633396100 172397
1633399177 172462
1633414173 172465
1633418924 172469
1633419002 172479
1633419412 172480
1633420118 172480
1633437569 173054
1633452695 173054
1633472299 172794
1633475733 173054
1633482552 173057
1633485647 173122
1633501801 173125
1633506108 173129
1633506185 173131
1633506392 173131
1633508283 173134
1633509887 173143
1633509987 173143
1633513361 173143
1633527555 173764
1633538942 173764
1633562140 173767
1633569054 173770
1633572278 173835
1633588183 173838
1633591459 173842
1633592621 173844
1633593991 173853
1633595721 173853
1633602479 173913
1633605676 174302
1633624550 174302
1633624742 174316
1633625016 174317
1633625503 174872
1633626785 174872
1633627462 174869
1633627511 174872
1633636086 174873
1633637098 174872
1633648515 174875
1633655577 174878
1633658695 174943
1633673370 174946
1633676350 174956
1633676806 174956
1633677857 174960
1633678914 174961
1633678975 174961
1633679435 174969
1633679867 174969
1633696776 175516
1633711929 175518
1633715761 175518
1633734936 175521
1633741556 175524
1633744537 175589
1633759737 175592
1633764222 175592
1633765401 175594
1633766313 175598
1633766353 175607
1633769084 175607
1633798190 175607
1633813970 175608
1633821308 175611
1633828278 175614
1633831210 175679
1633847352 175682
1633851783 175684
1633852004 175688
1633852860 175697
1633856749 175697
1633884590 175697
1633885267 175697
1633907719 175700
1633914707 175703
1633917871 175768
1633933832 175771
1633938212 175775
1633940657 175777
1633941261 175786
1633951288 176983
1633956550 176983
1633956659 176998
1633956670 176998
1633971067 176998
1633983799 177001
1633994119 177004
1634001144 177007
1634004233 177072
1634020197 177075
1634022904 177075
1634024022 177079
1634025591 177089
1634025669 177090
1634045323 177320
1634057476 177320
1634080519 177323
1634087498 177326
1634090693 177391
1634106606 177394
1634110886 177396
1634112005 177405
1634116491 177405
1634118622 177409
1634119400 177409
1634131733 178429
1634143843 178429
1634157750 178429
1634166940 178432
1634173719 178435
1634176881 178500
1634191786 178503
1634192273 178503
1634197296 178505
1634200436 178509
1634201705 178518
1634201902 178518
1634215164 179072
1634230283 179072
1634249762 179075
1634260374 179078
1634263359 179143
1634274834 179143
1634279413 179146
1634283684 179148
1634285382 179149
1634285884 179152
1634286101 179152
1634289981 179152
1634295034 179160
1634297645 179169
1634304418 179171
1634304533 179788
1634316709 179788
1634339741 179791
1634346964 179794
1634349916 179859
1634365783 179862
1634370117 179866
1634370341 179867
1634370372 179868
1634370424 179877
1634372549 179877
1634402991 179877
1634426131 179880
1634432971 179883
1634436017 179948
1634452180 179951
1634455603 179955
1634456483 179957
1634456800 179957
1634456852 179966
1634462481 179966
1634462896 179967
1634489406 179967
1634512540 179970
1634517530 179970
1634518428 179942
1634519609 179945
1634522881 180038
1634538049 180041
1634541807 180045
1634541866 180055
1634542003 180071
1634542009 180071
1634542099 180071
1634542871 180072
1634542916 180072
1634544945 180072
1634563708 181579
1634576024 181579
1634598989 181582
1634605981 181585
1634608982 181650
1634623764 181653
1634629296 181655
1634629942 181662
1634630426 181662
1634632166 181664
1634634487 181668
1634643213 181668
1634650149 182409
1634662297 182409
1634685345 182412
1634692358 182415
1634695476 182480
1634714939 182490
1634718089 182491
1634719742 182495
1634736568 183254
1634771768 183257
1634782162 183322
1634798654 183323
1634798735 183326
1634802082 183328
1634803542 183337
1634804635 183341
1634808330 183344
1634813487 183344
1634813695 183923
1634818439 183923
1634818512 183923
1634820050 184678
1634827708 184678
1634854544 184681
1634858138 184681
1634865545 184684
1634868667 184749
1634888481 184751
1634888903 184754
1634889084 184766
1634889146 184766
1634889404 184766
1634889913 184770
1634891107 184779
1634895641 184779
1634906410 184782
1634907981 184790
1634908110 184790
1634913548 184791
1634944548 184794
1634951563 184797
1634954611 184862
1634974871 184864
1634977045 184862
1634977129 184865
1634977406 184869
1634977466 184868
1634979297 184877
1634981760 184877
1634982087 184877
1634988006 184881
1634988094 184879
1634995505 184879
1635002942 184879
1635006850 184880
1635007178 184880
1635030927 184883
1635037142 184886
1635040855 184951
1635058680 184961
1635061640 184964
1635061795 184965
1635062850 184965
1635064281 184965
1635064573 184966
1635065053 184969
1635117349 184972
1635123633 184975
1635127293 185040
1635147917 185042
1635148080 185045
1635148460 185054
1635148974 185058
1635149408 185073
1635149572 185073
1635149932 185073
1635151907 185359
1635152295 185359
1635180810 185359
1635182989 187145
1635189491 187147
1635200137 187149
1635203763 187150
1635209795 187153
1635213411 187218
1635233182 187218
1635234256 187220
1635234475 187223
1635235344 187227
1635236056 187236
1635239746 187304
1635286540 187306
1635290177 187307
1635296179 187310
1635299798 187375
1635320843 187378
1635321082 187382
1635327172 187384
1635328578 187393
1635328746 187393
1635338427 188308
1635372939 188310
1635376567 188311
1635382632 188314
1635386241 188379
1635406828 188383
1635407247 188386
1635412061 188388
1635412262 188397
1635412551 188397
1635424808 188817
1635462968 188820
1635468938 188823
1635472613 188888
1635493650 188892
1635494208 188896
1635494758 188898
1635495073 188907
1635508238 188914
1635511220 189334
1635538230 189334
1635540647 189334
1635545733 189336
1635549373 189337
1635555326 189340
1635558967 189405
1635574880 189409
1635579734 189411
1635580051 189414
1635580747 189418
1635582086 189418
1635582564 189427
1635635759 189430
1635641971 189433
1635645651 189498
1635669983 189500
1635670775 189503
1635671877 189507
1635672360 189507
1635677081 189516
1635722151 189519
1635727941 189519
1635728392 189522
1635732062 189587
1635750998 189587
1635753218 189606
1635753336 189606
1635753674 189610
1635753926 189610
1635756079 189613
1635756185 189615
1635756527 189619
1635756559 189619
1635757462 189628
1635757676 189643
1635758638 189646
1635759219 189646
1635762382 189646
1635790059 189646
1635794880 189719
1635795115 190026
1635800890 190026
1635808582 190029
1635814441 190029
1635814829 190032
1635818519 190097
1635841756 190101
1635842508 190103
1635843173 190112
1635850176 190114
1635850217 190115
1635852140 192155
1635857503 192155
1635858328 192156
1635859804 192716
1635867746 192716
1635868362 192716
1635880293 192989
1635894944 192992
1635900593 192992
1635901026 192995
1635904650 193060
1635928975 193062
1635929478 193065
1635930315 193069
1635930383 193078
1635930984 193078
1635931636 193078
1635932541 193078
1635933034 193078
1635934150 193078
1635936633 193078
1635941448 193076
1635941636 193076
1635942564 193076
1635942767 193076
1635944079 193077
1635949405 194195
1635979806 194196
1635981357 194199
1635987037 194199
1635987446 194202
1635991245 194267
1636014432 194267
1636015205 194269
1636015659 194272
1636016539 194276
1636017955 194285
1636018847 194285
1636019031 194285
1636026992 194283
1636035817 195348
1636067765 195351
1636073387 195351
1636073814 195354
1636077531 195419
1636094886 195419
1636101941 195421
1636102409 195424
1636103164 195428
1636103716 195437
1636113049 195438
1636117513 195452
1636119787 195452
1636120179 195458
1636120245 195458
1636122205 196560
1636123829 196560
1636123896 196560
1636144658 196560
1636154163 196563
1636159708 196563
1636160148 196566
1636163700 196631
1636188019 196635
1636188294 196635
1636188470 196637
1636188583 196640
1636189434 196649
1636195004 196649
1636230981 196650
1636240562 196653
1636246314 196653
1636246772 196656
1636250476 196721
1636272737 196721
1636274457 196725
1636274503 196727
1636274528 196728
1636274696 196730
1636274873 196730
1636275386 196739
1636275585 196739
1636278333 196739
1636279177 196739
1636283672 196739
1636295260 196739
1636296267 196739
1636297866 196739
1636309271 196739
1636321230 196739
1636321237 196742
1636322785 196742
1636323891 196742
1636326082 196742
1636326941 196744
1636332644 196745
1636333064 196748
1636335774 196749
1636336681 196814
1636361417 196816
1636361984 196819
1636362277 196823
1636362762 196832
1636374999 196835
1636378212 199186
1636386324 199187
1636386472 199187
1636393612 199187
1636394284 199187
1636397595 199187
1636413362 199190
1636419053 199190
1636419480 199193
1636423083 199258
1636445945 199273
1636447491 199275
1636448019 199278
1636449535 199282
1636450116 199291
1636451425 199291
1636467811 200597
1636499772 200600
1636505450 200600
1636505854 200603
1636509502 200668
1636533893 200670
1636534410 200673
1636536470 200677
1636536713 200677
1636537000 200686
1636547138 200686
1636550986 201717
1636551975 201717
1636556679 201735
1636586161 201738
1636592307 201741
1636620291 201743
1636621363 201747
1636621435 201758
1636622305 201761
1636640620 203054
1636647984 203311
1636648999 203364
1636649449 203364
1636672565 203367
1636678757 203370
1636679478 203407
1636695295 203407
1636696811 203407
1636697787 203407
1636699996 203407
1636706678 203409
1636707210 203412
1636707475 203416
1636710276 203425
1636710692 203425
1636712639 203425
1636716153 203595
1636720808 204263
1636728645 204242
1636730840 204244
1636737413 204246
1636738693 204246
1636738900 204246
1636758965 204249
1636764988 204252
1636787163 204252
1636787354 204253
1636792823 204256
1636793052 204258
1636793587 204262
1636795605 204262
1636802196 204262
1636805993 204262
1636806602 204262
1636810772 204271
1636815940 204271
1636845356 204274
1636851571 204277
1636879407 204279
1636879591 204289
1636879963 204292
1636880989 204295
1636914490 204295
1636931754 204298
1636937849 204301
1636940576 204302
1636965714 204306
1636965904 204308
1636967443 204312
1636968139 204321
1636968297 204322
1636968319 204337
1636969358 204337
1636971456 204337
1636971645 204337
1636983033 206827
1636989420 207152
1637007699 207461
1637011244 207465
1637018177 207468
1637023882 207468
1637024315 207471
1637027906 207536
1637050752 207521
1637052083 207524
1637052290 207526
1637055297 207530
1637056133 207539
1637056244 207575
1637057865 207575
1637072637 208765
1637073727 208765
1637082031 208765
1637084172 208765
1637084842 208765
1637085037 208765
1637090126 208765
1637092249 208765
1637104623 208768
1637110234 208768
1637110646 208771
1637114314 208836
1637138680 208838
1637139222 208841
1637140481 208845
1637142640 208845
1637142886 208854
1637143483 208854
1637154102 208854
1637155801 209969
1637190985 209972
1637196697 209972
1637197094 209975
1637200688 210040
1637225083 210043
1637225875 210045
1637226071 210054
1637228268 210058
1637230722 210058
1637242212 211480
1637242811 211480
1637246596 211480
1637277381 211483
1637283078 211483
1637283490 211486
1637287133 211551
1637311280 211554
1637311459 211556
1637311954 211560
1637312173 211569
1637327104 211570
1637333433 211584
1637335673 212932
1637347691 212932
1637347981 212932
1637348133 212932
1637348694 212932
1637363280 212933
1637363634 212933
1637363744 212935
1637369413 212936
1637369816 212939
1637373383 213004
1637397500 213006
1637398400 213011
1637398601 213015
1637398640 213024
1637401834 213024
1637402666 213024
1637410403 213024
1637455960 213027
1637456414 213030
1637460034 213095
1637484228 213097
1637484294 213106
1637484790 213109
1637489240 213109
1637490333 213113
1637491832 213113
1637495338 213113
1637498665 213113
1637512389 213113
1637536552 213116
1637542320 213116
1637542749 213119
1637545441 213120
1637546354 213185
1637570700 213187
1637571580 213191
1637572514 213200
1637572741 213201
1637572749 213204
1637572817 213204
1637590618 213219
1637590668 213565
1637605664 213568
1637605915 213568
1637607224 213568
1637622970 213571
1637628653 213571
1637629107 213574
1637632677 213639
1637656911 213642
1637657092 213644
1637657435 213648
1637657726 213657
1637691221 213657
1637705753 213245
1637709379 213660
1637715038 213660
1637715463 213663
1637719106 213728
1637743357 213730
1637743448 213733
1637745053 213734
1637745152 213743
1637746041 213746
1637747428 213746
1637748402 213746
1637748463 213746
1637753611 213746
1637753834 213746
1637763806 213746
1637795767 213749
1637801507 213749
1637802792 213752
1637805566 213817
1637829553 213819
1637829624 213821
1637830155 213822
1637831196 213826
1637831308 213835
1637832747 213835
1637861958 213835
1637882160 213838
1637887804 213838
1637889086 213841
1637891816 213906
1637911483 219178
1637915941 219181
1637916292 219183
1637916549 219183
1637919692 219187
1637919760 219196
1637934643 219211
1637936628 220129
1637955444 220129
1637968544 220131
1637974172 220132
1637975455 220135
1637978161 220200
1638002699 220202
1638002908 220205
1638009725 220209
1638009851 220218
1638027258 220218
1638041744 220258
1638055314 220261
1638060724 220261
1638062035 220264
1638064534 220329
1638089018 220331
1638089236 220334
1638097908 220338
1638097959 220347
1638109777 220347
1638141361 220350
1638147069 220350
1638148366 220353
1638150221 220354
1638151127 220419
1638173512 220419
1638174062 220419
1638175183 220422
1638175527 220424
1638175896 220424
1638176810 220428
1638176851 220437
1638176945 220452
1638177629 220452
1638177848 220452
1638185347 220452
1638194113 220783
1638195852 222652
1638217491 222655
1638227792 222658
1638233578 222658
1638234705 222661
1638237054 222726
1638261549 222728
1638263071 222733
1638263313 222737
1638263378 222746
1638272648 222746
1638278487 223450
1638314172 223453
1638320084 223453
1638321466 223456
1638324266 223521
1638335700 221538
1638339551 223521
1638342953 222641
1638346474 223521
1638347984 223524
1638348320 223526
1638349297 223530
1638350272 223539
1638366391 223539
1638368672 224389
1638385453 224389
1638400563 224392
1638406318 224392
1638407637 224395
1638410372 224460
1638434705 224462
1638434954 224465
1638438051 224469
1638438276 224478
1638451800 225167
1638486982 225170
1638492687 225170
1638493988 225173
1638496753 225238
1638520792 225241
1638521128 225243
1638521813 225247
1638521916 225256
1638536736 225270
1638538206 225971
1638543035 225972
1638573367 225975
1638579084 225975
1638580373 225978
1638583112 226043
1638607179 226046
1638607572 226048
1638608742 226052
1638608785 225968
1638609463 226061
1638617364 226061
1638620515 226061
1638620599 226061
1638622440 226061
1638634310 226062
1638659783 226065
1638665756 226065
1638667192 226068
1638670001 226133
1638693864 226135
1638694126 226138
1638696593 226142
1638696781 226151
1638746158 226154
1638752046 226154
1638753372 226157
1638758089 226222
1638759438 226223
1638780364 226225
1638780404 226229
1638780676 226232
1638781747 226241
1638791128 226241
1638797702 226241
1638816101 226241
1638825659 226244
1638832621 226247
1638838481 226247
1638839902 226250
1638842743 226315
1638866743 226317
1638866988 226320
1638867623 226324
1638867659 226333
1638887169 228563
1638919012 228566
1638924892 228566
1638926196 228569
1638953155 228571
1638953469 228574
1638956636 228578
1638958958 228587
1638973189 228588
1638973259 228588
1638973494 229194
1638974719 229207
1639005411 229210
1639011166 229210
1639012541 229213
1639039198 229216
1639039541 229218
1639041939 229222
1639042077 229233
1639043120 229591
1639056695 230235
1639079575 230235
1639091787 230238
1639097616 230238
1639098934 230241
1639125931 230243
1639126224 230246
1639126618 230250
1639126719 230259
1639133430 230274
1639143044 230823
1639177791 230824
1639178185 230827
1639183926 230827
1639185235 230830
1639211946 230833
1639212314 230835
1639213483 230839
1639241782 230839
1639257681 230848
1639264558 230851
1639270530 230851
1639271919 230854
1639298315 230854
1639298327 230857
1639298668 230859
1639304519 230863
1639304617 230872
1639350952 230875
1639356787 230875
1639358123 230878
1639359969 230879
1639385134 230881
1639385425 230886
1639387709 230890
1639388302 230899
1639389042 230899
1639405476 232320
1639417065 232320
1639427107 232323
1639437380 232326
1639443378 232326
1639444717 232329
1639471548 232331
1639471832 232334
1639472540 232338
1639473031 232347
1639473209 232350
1639473284 232350
1639474220 232365
1639488616 233027
1639523788 233030
1639529565 233030
1639530906 233033
1639557924 233035
1639558218 233038
1639559989 233042
1639560409 233051
1639578276 233631
1639583479 233966
1639610191 233969
1639615978 233969
1639617272 233972
1639643601 125633
1639644334 125635
1639644631 125638
1639646392 125642
1639646848 233981
1639662488 233990
1639696604 233993
1639702523 233993
1639703868 233996
1639730403 233999
1639730723 234001
1639739420 234005
1639739466 234014
1639741851 234029
1639783030 234032
1639789000 234032
1639790386 234035
1639816771 234040
1639817138 234042
1639822177 234046
1639822827 234055
1639860398 234056
1639869349 234059
1639875443 234059
1639876895 234062
1639903200 234065
1639903549 234067
1639905985 234071
1639906196 234071
1639906793 234080
1639955774 234083
1639961708 234083
1639963069 234086
1639964960 234087
1639990058 234089
1639990834 234090
1639990999 234093
1639991093 234102
1639991265 234105
1639993843 234105
1640010274 236501
1640013425 236238
1640017587 236501
1640035252 236504
1640048215 236507
1640049570 236510
1640052414 237420
1640076438 237422
1640082031 237426
1640082088 237435
1640083851 237435
1640085298 237446
1640085390 237449
1640096678 238002
1640101197 237993
1640101274 237993
1640104715 238336
1640128599 238339
1640134544 238339
1640135948 238342
1640138792 238407
1640162482 238410
1640162734 238412
1640164032 238416
1640164081 238425
1640164191 238439
1640164238 238439
1640179931 238842
1640185745 238842
1640188769 238842
1640214996 238845
1640220860 238845
1640222217 238848
1640225082 238913
1640248878 238916
1640249221 238918
1640250845 238922
1640251107 238933
1640266319 239416
1640301403 239419
1640307215 239419
1640308562 239422
1640311416 239487
1640335608 239489
1640335927 239492
1640338261 239496
1640338994 239505
1640357430 239519
1640387799 239522
1640393584 239522
1640394931 239525
1640397746 239590
1640421991 239592
1640422283 239596
1640425942 239600
1640426176 239609
1640429432 239609
1640474170 239612
1640480256 239612
1640481688 239615
1640484482 239680
1640507994 239683
1640508593 239685
1640510177 239689
1640510243 239698
1640535682 239698
1640560572 239701
1640566466 239701
1640567856 239704
1640569867 239705
1640570702 239770
1640589359 239770
1640594970 239772
1640596225 239775
1640611094 239779
1640611226 239788
1640640024 239791
1640646983 239794
1640652860 239794
1640654222 239797
1640657050 239862
1640681228 239864
1640682455 239867
1640683999 239871
1640684058 239880
1640684381 239885
1640684445 239885
1640702834 239885
1640702858 239900
1640703034 239900
1640733384 239903
1640739238 239903
1640740584 239906
1640743426 239971
1640759500 239971
1640760203 239971
1640767248 239974
1640767594 239976
1640768937 239980
1640768992 239989
1640771444 239989
1640789445 239990
1640808809 239991
1640819794 239994
1640825639 239994
1640827023 239997
1640829838 240062
1640853883 240066
1640853910 240068
1640854058 240077
1640854363 240080
1640857317 240080
1640906211 240083
1640912156 240083
1640913554 240086
1640920654 240151
1640940395 240153
1640940734 240156
1640941065 240160
1640941181 240169
1640998597 240172
1641000019 240175
