1609775585 4
1609780259 38
1609856108 52
1609856304 52
1609856683 40
1609857310 34
1609864118 53
1609864813 53
1609976567 53
1609976590 55
1610042153 115
1610174949 126
1610808198 135
1611078731 135
1611079329 150
1611384241 167
1611400330 295
1611407907 301
1611411727 301
1611411841 303
1611562859 318
1611569830 318
1611575486 318
1612023914 418
1612024883 418
1612030259 418
1612369793 423
1612385864 444
1612386110 441
1612386343 441
1612612941 654
1612694134 689
1612696240 791
1612696633 791
1612737892 791
1612737902 790
1612802928 792
1613031615 794
1613031660 794
1613032389 794
1613032443 797
1613032535 802
1615715533 806
1619857145 808
1620498070 1139
1620498255 1139
1623254950 808
1623256686 827
1623269929 872
1623569525 908
1624883625 912
1627928651 919
1628016309 919
1628016882 919
1629063601 931
1633627538 954
1637762339 959
1637763339 1198
1638032474 1236
1638032521 1209
1638040133 1279
1638042158 1279
1638043279 1279
1638044974 1283
1638045381 1283
1640098152 1287
1640100326 1287
1641632735 1287
