1634913959 1 0 0 0 0 0 0 0 0 0 0 0 0 0
1634914376 2 0 0 0 0 0 0 0 0 0 0 0 0 0
1634970204 3 0 0 0 0 0 0 0 0 0 0 0 0 0
1634970466 4 0 0 0 0 0 0 0 0 0 0 0 0 0
1634970564 5 0 0 0 0 0 0 0 0 0 0 0 0 0
1634970645 6 0 0 0 0 0 0 0 0 0 0 0 0 0
1634970737 7 0 0 0 0 0 0 0 0 0 0 0 0 0
1634970894 8 0 0 0 0 0 0 0 0 0 0 0 0 0
1634994684 9 0 0 0 0 0 0 0 0 0 0 0 0 0
1634995432 10 0 0 0 0 0 0 0 0 0 0 0 0 0
1634995773 12 0 0 0 0 0 0 0 0 0 0 0 0 0
1635000024 13 0 0 0 0 0 0 0 0 0 0 0 0 0
1635037528 14 0 0 0 0 0 0 0 0 0 0 0 0 0
1635040310 15 0 0 0 0 0 0 0 0 0 0 0 0 0
1635040458 16 0 0 0 0 0 0 0 0 0 0 0 0 0
1635044881 17 0 0 0 0 0 0 0 0 0 0 0 0 0
1635045271 21 0 0 0 0 0 0 0 0 0 0 0 0 0
1635045389 22 0 0 0 0 0 0 0 0 0 0 0 0 0
1635069669 23 0 0 0 0 0 0 0 0 0 0 0 0 0
1635069746 24 0 0 0 0 0 0 0 0 0 0 0 0 0
1635069845 25 0 0 0 0 0 0 0 0 0 0 0 0 0
1635069907 26 0 0 0 0 0 0 0 0 0 0 0 0 0
1635070135 27 0 0 0 0 0 0 0 0 0 0 0 0 0
1635070629 28 0 0 0 0 0 0 0 0 0 0 0 0 0
1635070928 29 0 0 0 0 0 0 0 0 0 0 0 0 0
1635071979 30 0 0 0 0 0 0 0 0 0 0 0 0 0
1635074458 31 0 0 0 0 0 0 0 0 0 0 0 0 0
1635089112 32 0 0 0 0 0 0 0 0 0 0 0 0 0
1635089205 33 0 0 0 0 0 0 0 0 0 0 0 0 0
1635089239 34 0 0 0 0 0 0 0 0 0 0 0 0 0
1635089787 35 0 0 0 0 0 0 0 0 0 0 0 0 0
1635089871 36 0 0 0 0 0 0 0 0 0 0 0 0 0
1635089919 37 0 0 0 0 0 0 0 0 0 0 0 0 0
1635093561 38 0 0 0 0 0 0 0 0 0 0 0 0 0
1635093819 39 0 0 0 0 0 0 0 0 0 0 0 0 0
1635093879 40 0 0 0 0 0 0 0 0 0 0 0 0 0
1635094196 41 0 0 0 0 0 0 0 0 0 0 0 0 0
1635094491 42 0 0 0 0 0 0 0 0 0 0 0 0 0
1635094568 43 0 0 0 0 0 0 0 0 0 0 0 0 0
1635099418 44 0 0 0 0 0 0 0 0 0 0 0 0 0
1635099555 45 0 0 0 0 0 0 0 0 0 0 0 0 0
1635099698 46 0 0 0 0 0 0 0 0 0 0 0 0 0
1635099858 47 0 0 0 0 0 0 0 0 0 0 0 0 0
1635099898 48 0 0 0 0 0 0 0 0 0 0 0 0 0
1635139373 49 0 0 0 0 0 0 0 0 0 0 0 0 0
1635140601 50 0 0 0 0 0 0 0 0 0 0 0 0 0
1635140788 51 0 0 0 0 0 0 0 0 0 0 0 0 0
1635141619 52 0 0 0 0 0 0 0 0 0 0 0 0 0
1635151539 53 0 0 0 0 0 0 0 0 0 0 0 0 0
1635151600 54 0 0 0 0 0 0 0 0 0 0 0 0 0
1635151627 55 0 0 0 0 0 0 0 0 0 0 0 0 0
1635160531 56 0 0 0 0 0 0 0 0 0 0 0 0 0
1635164999 57 0 0 0 0 0 0 0 0 0 0 0 0 0
1635165300 58 0 0 0 0 0 0 0 0 0 0 0 0 0
1635165395 59 0 0 0 0 0 0 0 0 0 0 0 0 0
1635167323 60 0 0 0 0 0 0 0 0 0 0 0 0 0
1635167690 61 0 0 0 0 0 0 0 0 0 0 0 0 0
1635171912 62 0 0 0 0 0 0 0 0 0 0 0 0 0
1635186166 63 0 0 0 0 0 0 0 0 0 0 0 0 0
1635186289 64 0 0 0 0 0 0 0 0 0 0 0 0 0
1635186374 65 0 0 0 0 0 0 0 0 0 0 0 0 0
1635263265 68 0 0 0 0 0 0 0 0 0 0 0 0 0
1635263266 70 0 0 0 0 0 0 0 0 0 0 0 0 0
1635263267 73 0 0 0 0 0 0 0 0 0 0 0 0 0
1635263268 75 0 0 0 0 0 0 0 0 0 0 0 0 0
1635263269 77 0 0 0 0 0 0 0 0 0 0 0 0 0
1635263270 80 0 0 0 0 0 0 0 0 0 0 0 0 0
1635263271 82 0 0 0 0 0 0 0 0 0 0 0 0 0
1635263272 84 0 0 0 0 0 0 0 0 0 0 0 0 0
1635263273 87 0 0 0 0 0 0 0 0 0 0 0 0 0
1635264433 88 0 0 0 0 0 0 0 0 0 0 0 0 0
1635273884 89 0 0 0 0 0 0 0 0 0 0 0 0 0
1635274036 90 0 0 0 0 0 0 0 0 0 0 0 0 0
1635274049 91 0 0 0 0 0 0 0 0 0 0 0 0 0
1635274347 92 0 0 0 0 0 0 0 0 0 0 0 0 0
1635278383 93 0 0 0 0 0 0 0 0 0 0 0 0 0
1635278918 94 0 0 0 0 0 0 0 0 0 0 0 0 0
1635310966 95 0 0 0 0 0 0 0 0 0 0 0 0 0
1635311647 96 0 0 0 0 0 0 0 0 0 0 0 0 0
1635316415 97 0 0 0 0 0 0 0 0 0 0 0 0 0
1635317225 98 0 0 0 0 0 0 0 0 0 0 0 0 0
1635320398 99 0 0 0 0 0 0 0 0 0 0 0 0 0
1635320623 100 0 0 0 0 0 0 0 0 0 0 0 0 0
1635321656 101 0 0 0 0 0 0 0 0 0 0 0 0 0
1635336007 102 0 0 0 0 0 0 0 0 0 0 0 0 0
1635339377 103 0 0 0 0 0 0 0 0 0 0 0 0 0
1635340149 104 0 0 0 0 0 0 0 0 0 0 0 0 0
1635340496 105 0 0 0 0 0 0 0 0 0 0 0 0 0
1635343289 106 0 0 0 0 0 0 0 0 0 0 0 0 0
1635344028 107 0 0 0 0 0 0 0 0 0 0 0 0 0
1635344268 108 0 0 0 0 0 0 0 0 0 0 0 0 0
1635349558 109 0 0 0 0 0 0 0 0 0 0 0 0 0
1635349714 110 0 0 0 0 0 0 0 0 0 0 0 0 0
1635415939 111 0 0 0 0 0 0 0 0 0 0 0 0 0
1635433548 112 0 0 0 0 0 0 0 0 0 0 0 0 0
1635433687 113 0 0 0 0 0 0 0 0 0 0 0 0 0
1635491404 114 0 0 0 0 0 0 0 0 0 0 0 0 0
1635492516 115 0 0 0 0 0 0 0 0 0 0 0 0 0
1635503067 116 0 0 0 0 0 0 0 0 0 0 0 0 0
1635503328 117 0 0 0 0 0 0 0 0 0 0 0 0 0
1635503420 118 0 0 0 0 0 0 0 0 0 0 0 0 0
1635505793 119 0 0 0 0 0 0 0 0 0 0 0 0 0
1635508221 120 0 0 0 0 0 0 0 0 0 0 0 0 0
1635508445 121 0 0 0 0 0 0 0 0 0 0 0 0 0
1635508509 122 0 0 0 0 0 0 0 0 0 0 0 0 0
1635509306 123 0 0 0 0 0 0 0 0 0 0 0 0 0
1635509639 124 0 0 0 0 0 0 0 0 0 0 0 0 0
1635509900 125 0 0 0 0 0 0 0 0 0 0 0 0 0
1635510094 126 0 0 0 0 0 0 0 0 0 0 0 0 0
1635510196 127 0 0 0 0 0 0 0 0 0 0 0 0 0
1635608486 128 0 0 0 0 0 0 0 0 0 0 0 0 0
1635608675 129 0 0 0 0 0 0 0 0 0 0 0 0 0
1635615109 130 0 0 0 0 0 0 0 0 0 0 0 0 0
1635616881 131 0 0 0 0 0 0 0 0 0 0 0 0 0
1635616998 132 0 0 0 0 0 0 0 0 0 0 0 0 0
1635617061 133 0 0 0 0 0 0 0 0 0 0 0 0 0
1635648263 134 0 0 0 0 0 0 0 0 0 0 0 0 0
1635648999 135 0 0 0 0 0 0 0 0 0 0 0 0 0
1635651243 136 0 0 0 0 0 0 0 0 0 0 0 0 0
1635654732 137 0 0 0 0 0 0 0 0 0 0 0 0 0
1635654835 138 0 0 0 0 0 0 0 0 0 0 0 0 0
1635657297 139 0 0 0 0 0 0 0 0 0 0 0 0 0
1635661146 140 0 0 0 0 0 0 0 0 0 0 0 0 0
1635661689 141 0 0 0 0 0 0 0 0 0 0 0 0 0
1635668656 142 0 0 0 0 0 0 0 0 0 0 0 0 0
1635677232 143 0 0 0 0 0 0 0 0 0 0 0 0 0
1635677605 144 0 0 0 0 0 0 0 0 0 0 0 0 0
1635677707 145 0 0 0 0 0 0 0 0 0 0 0 0 0
1635700199 146 0 0 0 0 0 0 0 0 0 0 0 0 0
1635701019 147 0 0 0 0 0 0 0 0 0 0 0 0 0
1636713070 148 0 0 0 0 0 0 0 0 0 0 0 0 0
1636722494 149 0 0 0 0 0 0 0 0 0 0 0 0 0
1636722595 150 0 0 0 0 0 0 0 0 0 0 0 0 0
1636722962 151 0 0 0 0 0 0 0 0 0 0 0 0 0
1636725980 152 0 0 0 0 0 0 0 0 0 0 0 0 0
1636726278 153 0 0 0 0 0 0 0 0 0 0 0 0 0
1636879307 154 0 0 0 0 0 0 0 0 0 0 0 0 0
1636879538 155 0 0 0 0 0 0 0 0 0 0 0 0 0
1636879731 156 0 0 0 0 0 0 0 0 0 0 0 0 0
1636882804 157 0 0 0 0 0 0 0 0 0 0 0 0 0
1636882852 158 0 0 0 0 0 0 0 0 0 0 0 0 0
1636884548 159 0 0 0 0 0 0 0 0 0 0 0 0 0
1636885471 160 0 0 0 0 0 0 0 0 0 0 0 0 0
1636887379 161 0 0 0 0 0 0 0 0 0 0 0 0 0
1636887511 162 0 0 0 0 0 0 0 0 0 0 0 0 0
1636888374 163 0 0 0 0 0 0 0 0 0 0 0 0 0
1636891798 164 0 0 0 0 0 0 0 0 0 0 0 0 0
1636893308 165 0 0 0 0 0 0 0 0 0 0 0 0 0
1636893778 166 0 0 0 0 0 0 0 0 0 0 0 0 0
1636961415 167 0 0 0 0 0 0 0 0 0 0 0 0 0
1636971012 168 0 0 0 0 0 0 0 0 0 0 0 0 0
1636971970 169 0 0 0 0 0 0 0 0 0 0 0 0 0
1636972191 170 0 0 0 0 0 0 0 0 0 0 0 0 0
1636972763 171 0 0 0 0 0 0 0 0 0 0 0 0 0
1637048930 172 0 0 0 0 0 0 0 0 0 0 0 0 0
1637049120 173 0 0 0 0 0 0 0 0 0 0 0 0 0
1637051528 174 0 0 0 0 0 0 0 0 0 0 0 0 0
1637052725 175 0 0 0 0 0 0 0 0 0 0 0 0 0
1637053021 176 0 0 0 0 0 0 0 0 0 0 0 0 0
1637053263 177 0 0 0 0 0 0 0 0 0 0 0 0 0
1637054751 178 0 0 0 0 0 0 0 0 0 0 0 0 0
1637054817 179 0 0 0 0 0 0 0 0 0 0 0 0 0
1637054947 180 0 0 0 0 0 0 0 0 0 0 0 0 0
1637056117 181 0 0 0 0 0 0 0 0 0 0 0 0 0
1637056255 182 0 0 0 0 0 0 0 0 0 0 0 0 0
1637056592 183 0 0 0 0 0 0 0 0 0 0 0 0 0
1637059427 184 0 0 0 0 0 0 0 0 0 0 0 0 0
1637080990 185 0 0 0 0 0 0 0 0 0 0 0 0 0
1637086248 186 0 0 0 0 0 0 0 0 0 0 0 0 0
1637146382 187 0 0 0 0 0 0 0 0 0 0 0 0 0
1637146464 188 0 0 0 0 0 0 0 0 0 0 0 0 0
1637152149 189 0 0 0 0 0 0 0 0 0 0 0 0 0
1637161516 190 0 0 0 0 0 0 0 0 0 0 0 0 0
1637162339 191 0 0 0 0 0 0 0 0 0 0 0 0 0
1637163314 192 0 0 0 0 0 0 0 0 0 0 0 0 0
1637167044 193 0 0 0 0 0 0 0 0 0 0 0 0 0
1637167182 194 0 0 0 0 0 0 0 0 0 0 0 0 0
1637167256 195 0 0 0 0 0 0 0 0 0 0 0 0 0
1637167667 196 0 0 0 0 0 0 0 0 0 0 0 0 0
1637227731 197 0 0 0 0 0 0 0 0 0 0 0 0 0
1637228085 198 0 0 0 0 0 0 0 0 0 0 0 0 0
1637235302 199 0 0 0 0 0 0 0 0 0 0 0 0 0
1637237117 200 0 0 0 0 0 0 0 0 0 0 0 0 0
1637237638 201 0 0 0 0 0 0 0 0 0 0 0 0 0
1637237842 202 0 0 0 0 0 0 0 0 0 0 0 0 0
1637238139 203 0 0 0 0 0 0 0 0 0 0 0 0 0
1637238274 204 0 0 0 0 0 0 0 0 0 0 0 0 0
1637238664 205 0 0 0 0 0 0 0 0 0 0 0 0 0
1637238786 206 0 0 0 0 0 0 0 0 0 0 0 0 0
1637245878 207 0 0 0 0 0 0 0 0 0 0 0 0 0
1637249771 208 0 0 0 0 0 0 0 0 0 0 0 0 0
1637251372 209 0 0 0 0 0 0 0 0 0 0 0 0 0
1637251767 210 0 0 0 0 0 0 0 0 0 0 0 0 0
1637251857 211 0 0 0 0 0 0 0 0 0 0 0 0 0
1637252043 212 0 0 0 0 0 0 0 0 0 0 0 0 0
1637307694 213 0 0 0 0 0 0 0 0 0 0 0 0 0
1637307938 214 0 0 0 0 0 0 0 0 0 0 0 0 0
1637308540 215 0 0 0 0 0 0 0 0 0 0 0 0 0
1637308597 216 0 0 0 0 0 0 0 0 0 0 0 0 0
1637308641 217 0 0 0 0 0 0 0 0 0 0 0 0 0
1637309500 218 0 0 0 0 0 0 0 0 0 0 0 0 0
1637309840 219 0 0 0 0 0 0 0 0 0 0 0 0 0
1637311769 220 0 0 0 0 0 0 0 0 0 0 0 0 0
1637316869 221 0 0 0 0 0 0 0 0 0 0 0 0 0
1637327189 222 0 0 0 0 0 0 0 0 0 0 0 0 0
1637329174 223 0 0 0 0 0 0 0 0 0 0 0 0 0
1637337231 224 0 0 0 0 0 0 0 0 0 0 0 0 0
1637337449 225 0 0 0 0 0 0 0 0 0 0 0 0 0
1637337627 226 0 0 0 0 0 0 0 0 0 0 0 0 0
1637338369 227 0 0 0 0 0 0 0 0 0 0 0 0 0
1637338876 228 0 0 0 0 0 0 0 0 0 0 0 0 0
1637341159 229 0 0 0 0 0 0 0 0 0 0 0 0 0
1637341351 230 0 0 0 0 0 0 0 0 0 0 0 0 0
1637427847 231 0 0 0 0 0 0 0 0 0 0 0 0 0
1637428004 232 0 0 0 0 0 0 0 0 0 0 0 0 0
1637428222 233 0 0 0 0 0 0 0 0 0 0 0 0 0
1637428674 234 0 0 0 0 0 0 0 0 0 0 0 0 0
1637428748 235 0 0 0 0 0 0 0 0 0 0 0 0 0
1637432472 236 0 0 0 0 0 0 0 0 0 0 0 0 0
1637488827 237 0 0 0 0 0 0 0 0 0 0 0 0 0
1637494115 238 0 0 0 0 0 0 0 0 0 0 0 0 0
1637541178 239 0 0 0 0 0 0 0 0 0 0 0 0 0
1637542209 240 0 0 0 0 0 0 0 0 0 0 0 0 0
1637542524 241 0 0 0 0 0 0 0 0 0 0 0 0 0
1637542773 242 0 0 0 0 0 0 0 0 0 0 0 0 0
1637590256 243 0 0 0 0 0 0 0 0 0 0 0 0 0
1637590392 244 0 0 0 0 0 0 0 0 0 0 0 0 0
1637590415 245 0 0 0 0 0 0 0 0 0 0 0 0 0
1637590538 246 0 0 0 0 0 0 0 0 0 0 0 0 0
1637590600 247 0 0 0 0 0 0 0 0 0 0 0 0 0
1637593108 248 0 0 0 0 0 0 0 0 0 0 0 0 0
1637597643 249 0 0 0 0 0 0 0 0 0 0 0 0 0
1637597848 250 0 0 0 0 0 0 0 0 0 0 0 0 0
1637606199 251 0 0 0 0 0 0 0 0 0 0 0 0 0
1637689203 252 0 0 0 0 0 0 0 0 0 0 0 0 0
1637689404 253 0 0 0 0 0 0 0 0 0 0 0 0 0
1637689748 254 0 0 0 0 0 0 0 0 0 0 0 0 0
1637690428 255 0 0 0 0 0 0 0 0 0 0 0 0 0
1637690755 256 0 0 0 0 0 0 0 0 0 0 0 0 0
1637690949 257 0 0 0 0 0 0 0 0 0 0 0 0 0
1637730850 258 0 0 0 0 0 0 0 0 0 0 0 0 0
1637731938 259 0 0 0 0 0 0 0 0 0 0 0 0 0
1637733907 260 0 0 0 0 0 0 0 0 0 0 0 0 0
1637734260 261 0 0 0 0 0 0 0 0 0 0 0 0 0
1637734985 262 0 0 0 0 0 0 0 0 0 0 0 0 0
1637737269 263 0 0 0 0 0 0 0 0 0 0 0 0 0
1637737433 264 0 0 0 0 0 0 0 0 0 0 0 0 0
1637739464 265 0 0 0 0 0 0 0 0 0 0 0 0 0
1637740591 266 0 0 0 0 0 0 0 0 0 0 0 0 0
1637741945 267 0 0 0 0 0 0 0 0 0 0 0 0 0
1637773552 268 0 0 0 0 0 0 0 0 0 0 0 0 0
1637915432 269 0 0 0 0 0 0 0 0 0 0 0 0 0
1637915436 269 0 1 0 0 0 0 0 0 0 0 0 0 0
1637915440 270 0 1 0 0 0 0 0 0 0 0 0 0 0
1637915443 271 0 1 0 0 0 0 0 0 0 0 0 0 0
1637915447 272 0 1 0 0 0 0 0 0 0 0 0 0 0
1637915449 273 0 1 0 0 0 0 0 0 0 0 0 0 0
1637915451 274 0 1 0 0 0 0 0 0 0 0 0 0 0
1637915454 275 0 1 0 0 0 0 0 0 0 0 0 0 0
1637915457 276 0 1 0 0 0 0 0 0 0 0 0 0 0
1637915459 280 0 2 0 0 0 0 0 0 0 0 0 0 0
1637945666 281 0 2 0 0 0 0 0 0 0 0 0 0 0
1637946050 282 0 2 0 0 0 0 0 0 0 0 0 0 0
1637950468 282 0 2 0 0 0 0 0 1 0 0 0 0 0
1637961443 282 0 2 0 0 1 0 0 1 0 0 0 0 0
1638004907 283 0 2 0 0 1 0 0 1 0 0 0 0 0
1638005293 284 0 2 0 0 1 0 0 1 0 0 0 0 0
1638010451 285 0 2 0 0 1 0 0 1 0 0 0 0 0
1638026704 285 0 2 0 0 1 0 0 2 0 0 0 0 0
1638035138 286 0 2 0 0 1 0 0 2 0 0 0 0 0
1638035254 287 0 2 0 0 1 0 0 2 0 0 0 0 0
1638035682 288 0 2 0 0 1 0 0 2 0 0 0 0 0
1638035792 289 0 2 0 0 1 0 0 2 0 0 0 0 0
1638039221 289 0 2 0 0 1 0 1 2 0 0 0 0 0
1638040867 289 0 2 0 0 1 0 2 2 0 0 0 0 0
1638083219 290 0 2 0 0 1 0 2 2 0 0 0 0 0
1638084285 291 0 2 0 0 1 0 2 2 0 0 0 0 0
1638085085 291 0 2 0 0 1 0 2 3 0 0 0 0 0
1638086746 291 0 2 0 0 2 0 2 3 0 0 0 0 0
1638089915 292 0 2 0 0 2 0 2 3 0 0 0 0 0
1638092690 293 0 2 0 0 3 0 2 3 0 0 0 0 0
1638093205 293 0 2 0 0 4 0 2 3 0 0 0 0 0
1638103851 294 0 2 0 0 4 0 2 3 0 0 0 0 0
1638105152 295 0 2 0 0 4 0 2 3 0 0 0 0 0
1638107539 296 0 2 0 0 4 0 2 3 0 0 0 0 0
1638111086 297 0 2 0 0 4 0 2 3 0 0 0 0 0
1638170218 298 0 2 0 0 4 0 2 3 0 0 0 0 0
1638170911 299 0 2 0 0 4 0 2 3 0 0 0 0 0
1638175772 300 0 2 0 0 4 0 2 3 0 0 0 0 0
1638179259 300 1 2 0 0 4 0 2 3 0 0 0 0 0
1638180613 300 2 2 0 0 4 0 2 3 0 0 0 0 0
1638181057 300 3 2 0 0 4 0 2 3 0 0 0 0 0
1638181095 300 4 2 0 0 4 0 2 3 0 0 0 0 0
1638181176 300 5 2 0 0 4 0 2 3 0 0 0 0 0
1638181270 300 6 2 0 0 4 0 2 3 0 0 0 0 0
1638181516 300 7 2 0 0 4 0 2 3 0 0 0 0 0
1638181927 300 8 2 0 0 4 0 2 3 0 0 0 0 0
1638182953 300 9 2 0 0 4 0 2 3 0 0 0 0 0
1638196032 300 9 2 0 0 4 0 3 3 0 0 0 0 0
1638196178 300 9 2 0 0 4 0 4 3 0 0 0 0 0
1638198599 300 9 2 0 0 5 0 4 3 0 0 0 0 0
1638224868 300 9 2 0 0 6 0 4 3 0 0 0 0 0
1638225237 300 9 2 0 0 7 0 4 3 0 0 0 0 0
1638256452 300 9 2 1 0 7 0 4 3 0 0 0 0 0
1638256544 300 9 3 1 0 7 0 4 3 0 0 0 0 0
1638260022 300 9 3 1 0 8 0 4 3 0 0 0 0 0
1638280332 300 9 4 1 0 8 0 4 3 0 0 0 0 0
1638284849 301 9 4 1 0 8 0 4 3 0 0 0 0 0
1638285026 302 9 4 1 0 8 0 4 3 0 0 0 0 0
1638288736 302 9 4 1 0 9 0 4 3 0 0 0 0 0
1638293836 303 9 4 1 0 9 0 4 3 0 0 0 0 0
1638303985 303 10 4 1 0 9 0 4 3 0 0 0 0 0
1638307177 303 10 5 1 0 9 0 4 3 0 0 0 0 0
1638357173 304 10 5 1 0 9 0 4 3 0 0 0 0 0
1638366675 304 10 6 1 0 9 0 4 3 0 0 0 0 0
1638366689 304 10 7 1 0 9 0 4 3 0 0 0 0 0
1638366860 304 10 8 1 0 9 0 4 3 0 0 0 0 0
1638372915 304 11 8 1 0 9 0 4 3 0 0 0 0 0
1638373571 304 12 8 1 0 9 0 4 3 0 0 0 0 0
1638373675 304 13 8 1 0 9 0 4 3 0 0 0 0 0
1638373943 304 13 8 1 0 9 0 5 3 0 0 0 0 0
1638378045 304 14 8 1 0 9 0 5 3 0 0 0 0 0
1638378486 304 15 8 1 0 9 0 5 3 0 0 0 0 0
1638379750 304 16 8 1 0 9 0 5 3 0 0 0 0 0
1638381155 304 17 8 1 0 9 0 5 3 0 0 0 0 0
1638382708 305 17 8 1 0 9 0 5 3 0 0 0 0 0
1638386610 306 17 8 1 0 9 0 5 3 0 0 0 0 0
1638386652 307 17 8 1 0 9 0 5 3 0 0 0 0 0
1638386961 308 17 8 1 0 9 0 6 3 0 0 0 0 0
1638406357 308 17 8 2 0 9 0 6 3 0 0 0 0 0
1638445220 308 17 9 2 0 9 0 6 3 0 0 0 0 0
1638446153 308 17 10 2 0 9 0 6 3 0 0 0 0 0
1638446169 308 17 11 2 0 9 0 6 3 0 0 0 0 0
1638453369 309 17 11 2 0 9 0 6 3 0 0 0 0 0
1638457055 309 19 11 2 9 9 0 6 3 0 0 0 0 0
1638460906 309 19 11 2 10 9 0 6 3 0 0 0 0 0
1638462237 309 19 11 2 11 9 0 6 3 0 0 0 0 0
1638466005 310 19 11 2 11 9 0 6 3 0 0 0 0 0
1638525218 310 19 12 2 11 9 0 6 3 0 0 0 0 0
1638533976 310 19 12 2 11 9 0 6 3 0 1 0 0 0
1638535067 310 19 12 2 11 9 0 6 3 0 2 0 0 0
1638535347 310 19 12 2 11 9 0 6 3 0 3 0 0 0
1638567307 310 19 12 2 11 10 0 6 3 0 3 0 0 0
1638570293 310 19 12 2 11 11 0 6 3 0 3 0 0 0
1638570996 310 19 12 2 11 11 0 7 3 0 3 0 0 0
1638571246 310 19 12 2 11 11 0 8 3 0 3 0 0 0
1638571354 310 19 12 2 11 11 0 9 3 0 3 0 0 0
1638606975 310 19 13 2 11 11 0 9 3 0 3 0 0 0
1638607181 310 19 13 2 11 11 1 9 3 0 3 0 0 0
1638609971 310 19 14 2 11 11 1 9 3 0 3 0 0 0
1638612425 311 19 14 2 11 11 1 9 3 0 3 0 0 0
1638688456 312 19 14 2 11 11 1 9 3 0 3 0 0 0
1638688698 313 19 14 2 11 11 1 9 3 0 3 0 0 0
1638690471 313 19 14 2 11 12 1 9 3 0 3 0 0 0
1638693655 315 19 14 2 11 12 1 9 3 0 3 0 0 0
1638709439 316 19 14 2 11 12 1 9 3 0 3 0 0 0
1638711110 317 19 14 2 11 12 1 9 3 0 3 0 0 0
1638711509 318 19 14 2 11 12 1 9 3 0 3 0 0 0
1638717101 319 19 14 2 11 12 1 9 3 0 3 0 0 0
1638717323 320 19 14 2 11 12 1 9 3 0 3 0 0 0
1638719919 321 19 14 2 11 12 1 9 3 0 3 0 0 0
1638727487 321 19 14 2 11 13 1 9 3 0 3 0 0 0
1638728082 321 20 14 2 11 13 1 9 3 0 3 0 0 0
1638728151 321 21 14 2 11 13 1 9 3 0 3 0 0 0
1638753335 321 21 14 2 11 13 2 9 3 0 3 0 0 0
1638753431 321 21 14 2 11 13 3 9 3 0 3 0 0 0
1638754017 321 21 14 2 11 13 4 9 3 0 3 0 0 0
1638754063 321 21 14 2 11 13 5 9 3 0 3 0 0 0
1638754283 321 21 14 2 11 13 5 10 3 0 3 0 0 0
1638754322 321 21 14 2 11 13 5 11 3 0 3 0 0 0
1638771251 321 21 14 2 11 13 6 11 3 0 3 0 0 0
1638775662 321 21 14 2 11 14 6 11 3 0 3 0 0 0
1638780088 322 21 14 2 11 14 6 11 3 0 3 0 0 0
1638785233 323 21 14 2 11 14 6 11 3 0 3 0 0 0
1638785370 324 21 14 2 11 14 6 11 3 0 3 0 0 0
1638794554 324 21 14 2 11 14 6 12 3 0 3 0 0 0
1638803870 325 21 14 2 11 14 6 12 3 0 3 0 0 0
1638805701 325 21 14 2 11 15 6 12 3 0 3 0 0 0
1638820385 325 21 15 2 11 15 6 12 3 0 3 0 0 0
1638890074 325 21 15 2 11 15 6 12 3 0 4 0 0 0
1639049225 325 21 16 2 11 15 6 12 3 0 4 0 0 0
1639049637 325 21 17 2 11 15 6 12 3 0 4 0 0 0
1639050107 325 21 18 2 11 15 6 12 3 0 4 0 0 0
1639050258 325 21 19 2 11 15 6 12 3 0 4 0 0 0
1639050397 325 21 20 2 11 15 6 12 3 0 4 0 0 0
1639050547 325 21 21 2 11 15 6 12 3 0 4 0 0 0
1639156504 325 21 22 2 11 15 6 12 3 0 4 0 0 0
1639251701 343 21 25 3 12 15 6 12 3 0 4 0 0 0
1639399192 348 21 25 10 12 15 6 12 3 0 4 0 0 0
1639465600 348 21 25 10 12 15 6 13 3 0 4 0 0 0
1639475737 349 21 25 10 12 15 6 13 3 0 4 0 0 0
1639478056 350 21 25 10 12 15 6 13 3 0 4 0 0 0
1639504698 351 21 25 10 12 15 6 13 3 0 4 0 0 0
1639572057 352 21 25 10 12 15 6 13 3 0 4 0 0 0
1639575056 352 21 26 10 12 15 6 13 3 0 4 0 0 0
1639575219 352 21 27 10 12 15 6 13 3 0 4 0 0 0
1639582827 352 21 28 10 12 15 6 13 3 0 4 0 0 0
1639585647 353 21 28 10 12 15 6 13 3 0 4 0 0 0
1639586180 354 21 28 10 12 15 6 13 3 0 4 0 0 0
1639602809 355 21 28 10 12 15 6 13 3 0 4 0 0 0
1639606204 355 21 28 11 12 15 6 13 3 0 4 0 0 0
1639607923 355 21 28 11 12 16 6 13 3 0 4 0 0 0
1639610663 355 21 28 11 12 17 6 13 3 0 4 0 0 0
1639613683 355 21 28 12 12 17 6 13 3 0 4 0 0 0
1639614397 355 21 28 13 12 17 6 13 3 0 4 0 0 0
1639614607 355 21 28 14 12 17 6 13 3 0 4 0 0 0
1639615450 356 21 28 14 12 17 6 13 3 0 4 0 0 0
1639617268 357 21 28 14 12 17 6 13 3 0 4 0 0 0
1639635708 357 21 28 14 12 18 6 13 3 0 4 0 0 0
1639635948 357 21 28 14 12 19 6 13 3 0 4 0 0 0
1639636352 357 21 28 14 12 20 6 13 3 0 4 0 0 0
1639636782 357 21 28 14 12 21 6 13 3 0 4 0 0 0
1639637784 357 21 28 14 12 22 6 13 3 0 4 0 0 0
1639646796 357 21 29 14 12 22 6 13 3 0 4 0 0 0
1639646802 357 21 30 14 12 22 6 13 3 0 4 0 0 0
1639649103 357 21 31 14 12 22 6 13 3 0 4 0 0 0
1639649691 357 21 32 14 12 22 6 13 3 0 4 0 0 0
1639652473 358 21 32 14 12 22 6 13 3 0 4 0 0 0
1639653990 359 21 32 14 12 22 6 13 3 0 4 0 0 0
1639656627 360 21 32 14 12 22 6 13 3 0 4 0 0 0
1639658058 361 21 32 14 12 22 6 13 3 0 4 0 0 0
1639661189 361 21 33 14 12 22 6 13 3 0 4 0 0 0
1639663760 361 22 33 14 12 22 6 13 3 0 4 0 0 0
1639665160 361 22 34 14 12 22 6 13 3 0 4 0 0 0
1639665252 361 22 35 14 12 22 6 13 3 0 4 0 0 0
1639667250 361 22 36 14 12 22 6 13 3 0 4 0 0 0
1639668387 361 22 37 14 12 22 6 13 3 0 4 0 0 0
1639697590 361 22 37 15 12 22 6 13 3 0 4 0 0 0
1639723392 361 22 37 15 12 23 6 13 3 0 4 0 0 0
1639723416 361 22 37 15 12 24 6 13 3 0 4 0 0 0
1639723722 361 22 37 15 12 24 6 14 3 0 4 0 0 0
1639724303 361 22 37 15 12 25 6 14 3 0 4 0 0 0
1639724409 361 22 37 15 12 25 6 15 3 0 4 0 0 0
1639747662 362 22 37 15 12 25 6 15 3 0 4 0 0 0
1639748783 363 22 37 15 12 25 6 15 3 0 4 0 0 0
1639815588 363 22 37 15 12 25 6 15 4 0 4 0 0 0
1639817043 373 22 37 15 12 25 6 15 5 0 4 0 0 0
1639839807 374 22 37 15 12 25 6 15 5 0 4 0 0 0
1639896532 374 22 37 15 12 25 6 16 5 0 4 0 0 0
1639916579 375 22 37 15 12 25 6 16 5 0 4 0 0 0
1639924544 376 22 37 15 12 25 6 16 5 0 4 0 0 0
1639931787 377 22 37 15 12 25 6 16 5 0 4 0 0 0
1639946346 377 22 37 16 12 25 6 16 5 0 4 0 0 0
1639956246 377 22 37 17 12 25 6 16 5 0 4 0 0 0
1639959546 377 22 37 18 12 25 6 16 5 0 4 0 0 0
1639996322 377 22 37 18 12 25 6 17 5 0 4 0 0 0
1640010060 377 22 38 18 12 25 6 17 5 0 4 0 0 0
1640026148 377 22 38 19 12 25 6 17 5 0 4 0 0 0
1640030774 377 23 38 19 12 25 6 17 5 0 4 0 0 0
1640074268 377 23 39 19 12 25 6 17 5 0 4 0 0 0
1640074312 377 23 40 19 12 25 6 17 5 0 4 0 0 0
1640074998 377 23 41 19 12 25 6 17 5 0 4 0 0 0
1640080317 378 23 41 19 12 25 6 17 5 0 4 0 0 0
1640085869 379 23 41 19 12 25 6 17 5 0 4 0 0 0
1640089043 380 23 41 19 12 25 6 17 5 0 4 0 0 0
1640090358 381 23 41 19 12 25 6 17 5 0 4 0 0 0
1640090801 382 23 41 19 12 25 6 17 5 0 4 0 0 0
1640107173 383 23 41 19 12 25 6 17 5 0 4 0 0 0
1640123713 383 23 41 19 12 26 6 17 5 0 4 0 0 0
1640127818 383 23 41 20 12 26 6 17 5 0 4 0 0 0
1640127985 383 23 41 20 12 27 6 17 5 0 4 0 0 0
1640128017 383 23 41 21 12 27 6 17 5 0 4 0 0 0
1640128084 383 23 41 21 12 28 6 17 5 0 4 0 0 0
1640128231 383 23 41 21 12 29 6 17 5 0 4 0 0 0
1640128705 383 23 41 22 12 29 6 17 5 0 4 0 0 0
1640129158 383 23 41 23 12 29 6 17 5 0 4 0 0 0
1640151127 383 24 41 23 12 29 6 17 5 0 4 0 0 0
1640152159 383 25 41 23 12 29 6 17 5 0 4 0 0 0
1640153255 383 26 41 23 12 29 6 17 5 0 4 0 0 0
1640156299 383 26 41 23 12 30 6 17 5 0 4 0 0 0
1640156408 383 27 41 23 12 30 6 17 5 0 4 0 0 0
1640157703 383 28 41 23 12 30 6 17 5 0 4 0 0 0
1640157813 383 29 41 23 12 30 6 17 5 0 4 0 0 0
1640159396 383 30 41 23 12 30 6 17 5 0 4 0 0 0
1640160632 383 31 41 23 12 30 6 17 5 0 4 0 0 0
1640160821 383 32 41 23 12 30 6 17 5 0 4 0 0 0
1640161947 383 33 41 23 12 30 6 17 5 0 4 0 0 0
1640162665 383 33 41 23 12 30 7 17 5 0 4 0 0 0
1640162845 383 33 41 23 12 30 8 17 5 0 4 0 0 0
1640164343 383 33 41 24 12 30 8 17 5 0 4 0 0 0
1640164640 383 33 41 25 12 30 8 17 5 0 4 0 0 0
1640164929 383 33 41 26 12 30 8 17 5 0 4 0 0 0
1640165100 383 33 41 26 12 30 9 17 5 0 4 0 0 0
1640165289 383 33 41 26 12 30 10 17 5 0 4 0 0 0
1640165405 383 33 41 26 12 30 11 17 5 0 4 0 0 0
1640166105 383 33 41 27 12 30 11 17 5 0 4 0 0 0
1640166343 383 34 41 27 12 30 11 17 5 0 4 0 0 0
1640167076 383 34 41 28 12 30 11 17 5 0 4 0 0 0
1640167299 383 34 41 29 12 30 11 17 5 0 4 0 0 0
1640178009 384 34 41 29 12 30 11 17 5 0 4 0 0 0
1640186395 384 34 41 29 12 31 11 17 5 0 4 0 0 0
1640189141 385 34 41 29 12 31 11 17 5 0 4 0 0 0
1640192911 385 35 41 29 12 31 11 17 5 0 4 0 0 0
1640193727 385 36 41 29 12 31 11 17 5 0 4 0 0 0
1640193881 385 37 41 29 12 31 11 17 5 0 4 0 0 0
1640193996 385 38 41 29 12 31 11 17 5 0 4 0 0 0
1640194263 385 39 41 29 12 31 11 17 5 0 4 0 0 0
1640195736 385 40 41 29 12 31 11 17 5 0 4 0 0 0
1640196268 385 41 41 29 12 31 11 17 5 0 4 0 0 0
1640199220 385 41 41 30 12 31 11 17 5 0 4 0 0 0
1640200151 385 41 41 31 12 31 11 17 5 0 4 0 0 0
1640201731 385 42 41 31 12 31 11 17 5 0 4 0 0 0
1640201982 385 43 41 31 12 31 11 17 5 0 4 0 0 0
1640202274 385 44 41 31 12 31 11 17 5 0 4 0 0 0
1640202699 386 44 41 31 12 31 11 17 5 0 4 0 0 0
1640202723 386 44 42 31 12 31 11 17 5 0 4 0 0 0
1640202826 386 44 43 31 12 31 11 17 5 0 4 0 0 0
1640203248 386 45 43 31 12 31 11 17 5 0 4 0 0 0
1640203258 386 46 43 31 12 31 11 17 5 0 4 0 0 0
1640204231 387 46 43 31 12 31 11 17 5 0 4 0 0 0
1640204673 387 47 43 31 12 31 11 17 5 0 4 0 0 0
1640204986 387 48 43 31 12 31 11 17 5 0 4 0 0 0
1640259632 388 48 43 31 12 31 11 17 5 0 4 0 0 0
1640262292 389 48 43 31 12 31 11 17 5 0 4 0 0 0
1640262635 390 48 43 31 12 31 11 17 5 0 4 0 0 0
1640263327 391 48 43 31 12 31 11 17 5 0 4 0 0 0
1640263518 392 48 43 31 12 31 11 17 5 0 4 0 0 0
1640263925 393 48 43 31 12 31 11 17 5 0 4 0 0 0
1640272103 394 48 43 31 12 31 11 17 5 0 4 0 0 0
1640296597 394 49 43 31 12 31 11 17 5 0 4 0 0 0
1640297175 394 50 43 31 12 31 11 17 5 0 4 0 0 0
1640320928 395 50 43 31 12 31 11 17 5 0 4 0 0 0
1640325485 396 50 43 31 12 31 11 17 5 0 4 0 0 0
1640327407 397 50 43 31 12 31 11 17 5 0 4 0 0 0
1640333752 397 50 43 31 12 31 11 17 5 0 4 0 0 1
1640335221 398 50 43 31 12 31 11 17 5 0 4 0 0 1
1640337095 399 50 43 31 12 31 11 17 5 0 4 0 0 1
1640338733 399 51 43 31 12 31 11 17 5 0 4 0 0 1
1640338751 399 53 43 31 12 31 11 17 5 0 4 0 0 1
1640350984 400 53 43 31 12 31 11 17 5 0 4 0 0 1
1640352391 401 53 43 31 12 31 11 17 5 0 4 0 0 1
1640354234 402 53 43 31 12 31 11 17 5 0 4 0 0 1
1640354346 403 53 43 31 12 31 11 17 5 0 4 0 0 1
1640355506 404 53 43 31 12 31 11 17 5 0 4 0 0 1
1640359109 405 53 43 31 12 31 11 17 5 0 4 0 0 1
1640361249 406 53 43 31 12 31 11 17 5 0 4 0 0 1
1640361654 407 53 43 31 12 31 11 17 5 0 4 0 0 1
1640415143 408 53 43 31 12 31 11 17 5 0 4 0 0 1
1640415806 408 54 43 31 12 31 11 17 5 0 4 0 0 1
1640415819 408 55 43 31 12 31 11 17 5 0 4 0 0 1
1640416099 408 55 43 31 12 31 12 17 5 0 4 0 0 1
1640416102 408 56 43 31 12 31 12 17 5 0 4 0 0 1
1640416115 408 56 43 31 12 31 13 17 5 0 4 0 0 1
1640416131 408 56 43 31 12 31 14 17 5 0 4 0 0 1
1640416196 408 57 43 31 12 31 14 17 5 0 4 0 0 1
1640416209 408 58 43 31 12 31 14 17 5 0 4 0 0 1
1640416243 408 59 43 31 12 31 14 17 5 0 4 0 0 1
1640416640 408 59 43 31 12 31 15 17 5 0 4 0 0 1
1640416835 408 59 43 31 12 31 16 17 5 0 4 0 0 1
1640416997 408 59 43 31 12 31 17 17 5 0 4 0 0 1
1640421288 408 60 43 31 12 31 17 17 5 0 4 0 0 1
1640421304 408 61 43 31 12 31 17 17 5 0 4 0 0 1
1640421343 408 62 43 31 12 31 17 17 5 0 4 0 0 1
1640421359 408 63 43 31 12 31 17 17 5 0 4 0 0 1
1640421690 408 63 43 31 12 31 18 17 5 0 4 0 0 1
1640421770 408 63 43 31 12 31 19 17 5 0 4 0 0 1
1640421784 408 63 43 31 12 31 20 17 5 0 4 0 0 1
1640421960 408 64 43 31 12 31 20 17 5 0 4 0 0 1
1640421993 408 65 43 31 12 31 20 17 5 0 4 0 0 1
1640422017 408 66 43 31 12 31 20 17 5 0 4 0 0 1
1640427263 409 66 43 31 12 31 20 17 5 0 4 0 0 1
1640431176 410 66 43 31 12 31 20 17 5 0 4 0 0 1
1640431495 411 66 43 31 12 31 20 17 5 0 4 0 0 1
1640434607 411 67 43 31 12 31 20 17 5 0 4 0 0 1
1640444255 411 68 43 31 12 31 20 17 5 0 4 0 0 1
1640445037 411 69 43 31 12 31 20 17 5 0 4 0 0 1
1640445587 411 70 43 31 12 31 20 17 5 0 4 0 0 1
1640445610 411 71 43 31 12 31 20 17 5 0 4 0 0 1
1640462228 411 72 43 31 12 31 20 17 5 0 4 0 0 1
1640464092 411 73 43 31 12 31 20 17 5 0 4 0 0 1
1640503846 411 74 43 31 12 31 20 17 5 0 4 0 0 1
1640504877 411 75 43 31 12 31 20 17 5 0 4 0 0 1
1640505555 411 76 43 31 12 31 20 17 5 0 4 0 0 1
1640527297 411 77 43 31 12 31 20 17 5 0 4 0 0 1
1640527386 411 78 43 31 12 31 20 17 5 0 4 0 0 1
1640527642 411 79 43 31 12 31 20 17 5 0 4 0 0 1
1640528141 412 79 43 31 12 31 20 17 5 0 4 0 0 1
1640532385 412 80 43 31 12 31 20 17 5 0 4 0 0 1
1640533511 412 81 43 31 12 31 20 17 5 0 4 0 0 1
1640536773 412 81 43 32 12 31 20 17 5 0 4 0 0 1
1640539018 412 82 43 32 12 31 20 17 5 0 4 0 0 1
1640544727 412 82 43 33 12 31 20 17 5 0 4 0 0 1
1640546829 412 82 43 34 12 31 20 17 5 0 4 0 0 1
1640547407 412 82 43 35 12 31 20 17 5 0 4 0 0 1
1640548337 412 82 43 36 12 31 20 17 5 0 4 0 0 1
1640549737 412 82 43 37 12 31 20 17 5 0 4 0 0 1
1640550092 412 82 43 38 12 31 20 17 5 0 4 0 0 1
1640550531 412 82 43 39 12 31 20 17 5 0 4 0 0 1
1640554132 412 83 43 39 12 31 20 17 5 0 4 0 0 1
1640554192 412 84 43 39 12 31 20 17 5 0 4 0 0 1
1640578838 413 84 43 39 12 31 20 17 5 0 4 0 0 1
1640583793 414 84 43 39 12 31 20 17 5 0 4 0 0 1
1640585613 414 85 43 39 12 31 20 17 5 0 4 0 0 1
1640585642 414 86 43 39 12 31 20 17 5 0 4 0 0 1
1640585789 414 87 43 39 12 31 20 17 5 0 4 0 0 1
1640593148 415 87 43 39 12 31 20 17 5 0 4 0 0 1
1640597444 415 87 43 39 12 31 20 18 5 0 4 0 0 1
1640598796 416 87 43 39 12 31 20 18 5 0 4 0 0 1
1640600035 417 87 43 39 12 31 20 18 5 0 4 0 0 1
1640603551 418 87 43 39 12 31 20 18 5 0 4 0 0 1
1640604225 419 87 43 39 12 31 20 18 5 0 4 0 0 1
1640604493 420 87 43 39 12 31 20 18 5 0 4 0 0 1
1640605200 421 87 43 39 12 31 20 18 5 0 4 0 0 1
1640620524 422 87 43 39 12 31 20 18 5 0 4 0 0 1
1640676779 422 88 43 39 12 31 20 18 5 0 4 0 0 1
1640677066 422 89 43 39 12 31 20 18 5 0 4 0 0 1
1640677642 423 89 43 39 12 31 20 18 5 0 4 0 0 1
1640677969 424 89 43 39 12 31 20 18 5 0 4 0 0 1
1640681391 425 89 43 39 12 31 20 18 5 0 4 0 0 1
1640689183 426 89 43 39 12 31 20 18 5 0 4 0 0 1
1640693972 426 90 43 39 12 31 20 18 5 0 4 0 0 1
1640694052 426 91 43 39 12 31 20 18 5 0 4 0 0 1
1640694333 426 92 43 39 12 31 20 18 5 0 4 0 0 1
1640705981 427 92 43 39 12 31 20 18 5 0 4 0 0 1
1640760153 428 92 43 39 12 31 20 18 5 0 4 0 0 1
1640761167 429 92 43 39 12 31 20 18 5 0 4 0 0 1
1640763878 429 93 43 39 12 31 20 18 5 0 4 0 0 1
1640763902 429 94 43 39 12 31 20 18 5 0 4 0 0 1
1640764215 429 95 43 39 12 31 20 18 5 0 4 0 0 1
1640764227 429 96 43 39 12 31 20 18 5 0 4 0 0 1
1640765969 430 96 43 39 12 31 20 18 5 0 4 0 0 1
1640768195 431 96 43 39 12 31 20 18 5 0 4 0 0 1
1640780700 431 96 43 39 12 31 20 18 5 0 4 0 1 1
1640781034 431 97 43 39 12 31 20 18 5 0 4 0 1 1
1640790957 431 98 43 39 12 31 20 18 5 0 4 0 1 1
1640790981 431 99 43 39 12 31 20 18 5 0 4 0 1 1
1640872232 431 99 43 39 12 31 20 18 6 0 4 0 1 1
1640875217 431 99 43 39 12 31 20 18 6 0 4 1 1 1
1640875235 431 99 43 39 12 31 20 18 6 0 4 2 1 1
1640937808 431 100 43 39 37 31 20 18 6 1 4 2 1 1
1640939052 431 100 43 39 38 31 20 18 6 1 4 2 1 1
1640948669 431 100 43 39 38 31 20 18 7 1 4 2 1 1
1640951081 431 100 43 39 38 32 20 18 7 1 4 2 1 1
1640951544 431 100 43 39 38 32 20 19 7 1 4 2 1 1
1640953857 431 100 43 39 38 33 20 19 7 1 4 2 1 1
1640955446 431 100 43 39 38 34 20 19 7 1 4 2 1 1
1640968769 431 101 43 39 38 34 20 19 7 1 4 2 1 1
1640971395 431 101 43 39 38 34 21 19 7 1 4 2 1 1
1640971490 431 101 43 39 38 34 22 19 7 1 4 2 1 1
1640971585 431 101 43 39 38 34 23 19 7 1 4 2 1 1
1640980480 431 101 43 39 38 34 23 19 7 2 4 2 1 1
1640981258 431 101 43 39 38 34 23 19 7 3 4 2 1 1
1641020954 431 101 43 39 38 34 23 19 7 4 4 2 1 1
