1634913959 11787
1634914376 11768
1634970204 14794
1634970466 14818
1634970564 14839
1634970645 14882
1634970737 14894
1634970894 14907
1634994684 15015
1634995432 15049
1634995699 15050
1634995773 15049
1635000024 15079
1635037528 15362
1635040310 15349
1635040458 15354
1635044881 15362
1635045066 15447
1635045093 15478
1635045120 15488
1635045271 15362
1635045389 15502
1635069669 15504
1635069746 15516
1635069845 15539
1635069907 15541
1635070135 15549
1635070629 15553
1635070928 15597
1635071979 15604
1635074458 15604
1635089112 15610
1635089205 15626
1635089239 15641
1635089787 15642
1635089871 15678
1635089919 15673
1635093561 15682
1635093819 15690
1635093879 15696
1635094196 15695
1635094491 15696
1635094568 15697
1635099418 15709
1635099555 15725
1635099698 15759
1635099858 15760
1635099898 15722
1635139373 15733
1635140601 15774
1635140788 15777
1635141619 15777
1635151539 15781
1635151600 15806
1635151627 15806
1635160531 15818
1635164999 15827
1635165300 15838
1635165395 15856
1635167323 15856
1635167690 15857
1635171912 15857
1635186166 15861
1635186289 15963
1635186374 15961
1635263265 15998
1635263266 16052
1635263267 16051
1635263268 15995
1635263269 16012
1635263270 16016
1635263271 16073
1635263272 16086
1635263273 16107
1635264433 16109
1635273884 16130
1635274036 16132
1635274049 16132
1635274347 16156
1635278383 16167
1635278918 16179
1635310966 16179
1635311647 16179
1635316415 16194
1635317225 16194
1635320398 16204
1635320623 16208
1635321656 16208
1635336007 16209
1635339377 16218
1635340149 16215
1635340496 16218
1635343289 16251
1635344028 16250
1635344268 16250
1635349558 16251
1635349714 16311
1635415939 16315
1635433548 21915
1635433687 21922
1635491404 21935
1635492516 21914
1635503067 21915
1635503328 21919
1635503420 21939
1635505793 21979
1635508221 21983
1635508445 22008
1635508509 22012
1635509306 22018
1635509639 22018
1635509900 22018
1635510094 22018
1635510196 22018
1635608486 22050
1635608675 22048
1635615109 22044
1635616881 22056
1635616998 22065
1635617061 22071
1635648263 22094
1635648999 22087
1635651243 22087
1635654732 22100
1635654835 22104
1635657297 22116
1635661146 22160
1635661689 22161
1635668656 22167
1635677232 22170
1635677605 22185
1635677707 22187
1635700199 22190
1635701019 22236
1636713070 22236
1636722494 22237
1636722595 22248
1636722962 22248
1636725980 22247
1636726278 22250
1636879307 22263
1636879538 22275
1636879731 19234
1636882804 19231
1636882852 19236
1636884548 19244
1636885471 19238
1636887379 19237
1636887511 19257
1636888374 19247
1636891798 19256
1636893308 19256
1636893778 19256
1636961415 19256
1636971012 19256
1636971970 19258
1636972191 19260
1636972763 19249
1637048930 19257
1637049120 19267
1637051528 19264
1637052725 19261
1637053021 19271
1637053263 19271
1637054751 19282
1637054817 19283
1637054947 19283
1637056117 19328
1637056255 19337
1637056592 19344
1637059427 19346
1637080990 19346
1637086248 19351
1637146382 19352
1637146464 19352
1637152149 19359
1637161516 19372
1637162339 19373
1637163314 19326
1637167044 19327
1637167182 19376
1637167256 19413
1637167667 19318
1637227731 19324
1637228085 19323
1637235302 19531
1637237117 19531
1637237638 19590
1637237842 19592
1637238139 19592
1637238274 19592
1637238664 19608
1637238786 19615
1637245878 19694
1637249771 19703
1637251372 19710
1637251767 19714
1637251857 19715
1637252043 19715
1637307694 19772
1637307938 19773
1637308540 19791
1637308597 19835
1637308641 19837
1637309500 19841
1637309840 19841
1637311769 19853
1637316869 19853
1637327189 19822
1637329174 19831
1637337231 19834
1637337449 19848
1637337627 19848
1637338369 19851
1637338876 19852
1637341159 19856
1637341351 19729
1637427847 19741
1637428004 19764
1637428222 19766
1637428674 19756
1637428748 19851
1637432472 19851
1637488827 19853
1637494115 19857
1637541178 19912
1637542209 19921
1637542524 19921
1637542773 19917
1637590256 19918
1637590392 19939
1637590415 19996
1637590538 20060
1637590600 20078
1637593108 20084
1637597643 20094
1637597848 20161
1637606199 20220
1637689203 20234
1637689404 20251
1637689748 20244
1637690428 20247
1637690755 20247
1637690949 20250
1637730850 20254
1637731938 20254
1637733907 20273
1637734260 20279
1637734985 20282
1637737269 20300
1637737433 20305
1637739464 20307
1637740591 20304
1637741945 20330
1638039221 20488
1638040867 20488
1638085085 20488
1638086746 20514
1638092690 20535
1638093205 20538
1638175772 21881
1638179259 21881
1638180613 22056
1638181057 22056
1638181095 22056
1638181176 22056
1638181270 22056
1638181516 21972
1638181927 21972
1638182953 21984
1638196032 21984
1638196178 21984
1638198599 21993
1638224868 21993
1638225237 21993
1638256452 22022
1638256544 22028
1638260022 22028
1638284849 22368
1638285026 22369
1638288736 22369
1638293836 22376
1638357173 22376
1638373675 22664
1638373943 22665
1638378045 22670
1638378486 22670
1638379750 22670
1638381155 22670
1638381503 22838
1638386961 22824
1638406357 22847
1638445220 22849
1638457055 22849
1638570996 23556
1638571246 22014
1638571354 17566
1638607181 17566
1638612425 17613
1638690471 17589
1638728151 17597
1638753335 17597
1638753431 17597
1638754017 17597
1638754063 17597
1638754283 17618
1638754322 17614
1638771251 17614
1638775662 17617
1638794554 17626
1638803870 17627
1638890074 17633
1639465600 18398
1639504698 18398
1639602809 18420
1639610663 18421
1639614607 18414
1639635708 18414
1639635948 18415
1639636352 18415
1639663760 18418
1639723722 18865
1639724409 18409
1639815588 18475
1639817043 18517
1639896532 18517
1639946346 18581
1639996322 18588
1640030774 18556
1640107173 18578
1640123713 18579
1640151127 18579
1640156299 18587
1640157813 18604
1640159396 18606
1640160821 18651
1640161947 18683
1640165100 18683
1640166343 18851
1640167299 18856
1640178009 18796
1640192911 18810
1640193727 18810
1640193881 18810
1640193996 18810
1640194263 18810
1640201731 18808
1640202274 18824
1640203248 18824
1640203258 18784
1640204673 18802
1640204986 18804
1640296597 18745
1640297175 18745
1640338751 18745
1640350984 18811
1640415143 18841
1640415806 18841
1640415819 18841
1640416102 18841
1640416196 18841
1640416209 18841
1640416243 18841
1640421288 18846
1640421304 18846
1640421343 18853
1640421359 18853
1640421960 18853
1640421993 18854
1640422017 18847
1640445610 18956
1640462228 18965
1640464092 18972
1640505555 18980
1640527297 18996
1640527386 18980
1640527642 18982
1640533511 19042
1640539018 19149
1640554192 19175
1640585642 19213
1640585789 19213
1640597444 19213
1640677066 19287
1640694052 19401
1640694333 19401
1640763878 19403
1640764215 19403
1640764227 19471
1640781034 19491
1640790981 19491
1640872232 19491
1640937808 19492
1640948669 19492
1640951544 19811
1640968769 19788
1640971395 19788
1640971490 19788
1640971585 19788
1640980480 19789
1640981258 19797
1641020954 19810
