1634371633 51
1635055555 65
1636725109 78
1636725575 81
1636744522 1018
1636745237 4054
1636747301 4058
1636749415 4108
1636750032 4108
1636750626 4108
1636754207 4187
1636754486 4189
1636754558 4202
1636933645 4203
1636961293 5084
1636962751 4806
1636977862 4810
1636977923 4810
1636996161 4814
1636997028 4819
1637000836 4825
1637000895 4825
1637138511 4867
1637138586 4867
1637220813 4946
1637221101 4946
1637221823 4946
1637222308 4946
1637222959 4946
1637245093 4970
1637251828 4973
1637251895 4973
1637331984 4976
1637570011 4976
1637773188 4976
1637793028 4983
1637793116 7502
1637829227 7503
1637855760 7501
1637855901 7501
1637856991 7501
1637857618 7513
1637857689 7513
1637859070 7515
1637859142 7515
1637859972 7515
1637915617 7515
1637948287 7521
1637948357 7521
1637963849 7521
1637975962 7521
1638173192 7544
1638173531 7541
1638173622 8697
1638173842 9250
1638202516 9246
1638202603 9246
1638211778 9246
1638213999 9251
1638239296 9251
1638253761 9251
1638264458 9251
1638326584 9251
1638343484 9251
1638385864 9251
1638412853 9252
1638429980 9250
1638758539 9250
1639363363 9250
1639380376 9247
1639536129 9247
1639862104 9247
1639978080 9247
1639982867 9247
1639983858 9247
1639983927 9247
1640071602 9247
1640107880 9245
1640107946 9245
1640109297 9247
1640109371 9247
1640156600 9247
1640157496 9247
1640312959 9247
1640330768 9247
1640375628 9272
1640375698 9218
1640386578 9309
1640386653 12415
1640434215 12415
1640434304 13293
1640435202 13293
1640438462 13309
1640448602 9405
1640505946 9408
1640526051 9408
1640539145 9435
1640573114 9436
1640596945 9436
1640597116 9437
1640607339 9446
1640631101 9481
1640633929 9500
1640635807 9501
1640638258 9509
1640638681 9512
1640659494 9512
1640676051 9523
1640679982 9523
1640687451 9530
1640693514 9544
1640700165 9568
1640705158 9571
1640706672 9571
1640707424 9557
1640727768 9569
1640730372 9572
1640730667 9575
1640745868 9575
1640761150 9581
1640761576 9581
1640761653 9581
1640761863 9582
1640762718 9581
1640763222 9582
1640767461 9586
1640767475 9586
1640770414 9595
1640772357 9606
1640773872 9609
1640774253 9609
1640780057 9614
1640846442 9639
1640847017 9642
1640848729 9644
1640852537 9644
1640852790 9648
1640887022 9667
1640888618 9677
1640913594 9677
1640934523 9684
1640964695 9685
1640969879 9686
1640973963 9686
1640974037 9686
1641075448 9692
